procs -----------memory---------- ---swap-- -----io---- -system-- -------cpu-------
 r  b   swpd   free   buff  cache   si   so    bi    bo   in   cs us sy id wa st gu
10  0      0 346128  15576 429880    0    0 57971   808 2438   48  3 25 64  8  0  0
13  0      0 340540  15576 429932    0    0     0     0 16249 5179 3 93  4  0  0  0
10  0      0 337216  15576 430008    0    0     0     0 15467 5778 3 83 14  0  0  0
10  0      0 335616  15576 430052    0    0     0     0 15430 5513 3 83 14  0  0  0
 3  0      0 337580  15576 430096    0    0     0     0 15200 5665 3 80 17  0  0  0
12  0      0 339396  15584 430128    0    0     0    68 15090 5775 2 79 19  0  0  0
 5  0      0 335732  15584 430208    0    0     0     0 15612 5625 4 83 13  0  0  0
 0  0      0 335284  15584 430232    0    0     0     0 15025 5583 4 79 17  0  0  0
 5  0      0 332864  15584 430272    0    0     0     0 15336 5865 3 84 13  0  0  0
 0  0      0 336200  15584 430312    0    0     0     0 15029 5463 3 82 15  0  0  0
19  0      0 335048  15592 430348    0    0     0    24 15874 5669 2 83 15  0  0  0
 0  0      0 333824  15592 430404    0    0     0     0 15436 5705 3 82 15  0  0  0
 3  0      0 329892  15592 430444    0    0     0     0 16085 5308 3 89  8  0  0  0
 5  0      0 331564  15592 430488    0    0     0     0 15531 5407 3 89  8  0  0  0
 7  0      0 333068  15592 430532    0    0     0     0 15316 5627 3 85 12  0  0  0
12  0      0 334252  15600 430568    0    0     0    16 16152 5451 3 89  8  0  0  0
 0  0      0 318032  15600 430648    0    0     0     0 15877 5439 2 88 10  0  0  0
 3  0      0 319760  15600 430668    0    0     0     0 16144 5518 4 87  9  0  0  0
 1  0      0 321208  15600 430708    0    0     0     0 15263 5770 3 83 14  0  0  0
 6  0      0 317900  15600 430756    0    0     0     0 15958 5361 3 91  6  0  0  0
18  0      0 320592  15608 430792    0    0     0    16 14850 5283 3 85 12  0  0  0
 8  0      0 322840  15608 430840    0    0     0     0 15072 5589 4 81 15  0  0  0
 9  0      0 324504  15608 430888    0    0     0     0 15444 5684 3 83 14  0  0  0
 9  0      0 321560  15608 430932    0    0     0     0 15163 5382 3 86 11  0  0  0
 0  0      0 323256  15608 430972    0    0     0     0 15136 5522 3 81 16  0  0  0
 1  0      0 323128  15616 431008    0    0     0    16 14893 5618 3 80 17  0  0  0
 1  0      0 324632  15616 431060    0    0     0     0 14945 5547 2 81 17  0  0  0
 0  0      0 307352  15616 431112    0    0     0   216 14973 5829 3 77 20  0  0  0
 4  0      0 308836  15620 431148    0    0     0  4160 15713 5997 3 83 13  1  0  0
 2  0      0 309584  15620 431192    0    0     0    44 14783 5878 2 80 18  0  0  0
 9  0      0 303304  15632 431224    0    0     0    76 15468 5414 4 90  6  0  0  0
11  0      0 304564  15632 431284    0    0     0     4 14956 5629 2 83 15  0  0  0
 4  0      0 302960  15632 431324    0    0     0     0 15339 5659 4 93  3  0  0  0
19  0      0 305680  15632 431368    0    0     0     0 14941 5628 3 86 11  0  0  0
 6  0      0 305680  15632 431408    0    0     0  1452 14976 5522 4 85 11  0  0  0
14  0      0 305840  15640 431444    0    0     0    36 14491 5355 3 85 12  0  0  0
14  0      0 303704  15640 431496    0    0     0     0 15382 5681 3 87 10  0  0  0
 4  0      0 293280  15640 433580    0    0  2032     0 14868 5745 3 85 12  0  0  0
 8  0      0 293360  15640 433620    0    0     0     0 15705 5988 3 84 13  0  0  0
16  0      0 295792  15640 433664    0    0     0     0 15229 5477 3 87 10  0  0  0
10  0      0 289648  15648 433696    0    0     0    16 15302 5395 3 91  6  0  0  0
11  0      0 289872  15648 433748    0    0     0     0 15585 5698 3 89  8  0  0  0
 0  0      0 290140  15648 433788    0    0     0     0 14827 5258 3 91  6  0  0  0
16  0      0 292540  15648 433840    0    0     0     0 15624 5274 2 93  5  0  0  0
12  0      0 294760  15648 433884    0    0     0     0 14767 5409 4 88  8  0  0  0
13  0      0 289024  15656 433920    0    0     0    16 15285 5244 3 94  3  0  0  0
 5  0      0 291456  15656 433972    0    0     0     0 14956 5463 3 87 10  0  0  0
19  0      0 292120  15656 434020    0    0     0     0 14686 5172 3 90  7  0  0  0
19  0      0 293740  15656 434064    0    0     0     0 14907 5368 3 90  7  0  0  0
17  0      0 289484  15656 434108    0    0     0     0 15395 5194 3 93  4  0  0  0
 7  0      0 290988  15664 434140    0    0     0    16 14133 5231 3 88  9  0  0  0
 4  0      0 291028  15664 434192    0    0     0     0 14692 5572 3 86 11  0  0  0
28  0      0 287988  15664 434236    0    0     0     0 14169 4747 3 97  0  0  0  0
19  0      0 283040  15664 434276    0    0     0     0 14627 5156 3 97  0  0  0  0
 3  0      0 288748  15664 434328    0    0     0     0 14815 5550 3 86 11  0  0  0
14  0      0 289764  15672 434364    0    0     0    16 14606 5069 3 92  5  0  0  0
 8  0      0 292804  15672 434412    0    0     0     0 15201 5568 4 89  7  0  0  0
 8  0      0 284224  15672 436092    0    0  1612     0 14933 5431 3 88  9  0  0  0
23  0      0 279748  15672 436112    0    0     0   164 14650 5370 3 92  5  0  0  0
 5  0      0 282456  15672 436156    0    0     0     0 15012 5455 3 89  8  0  0  0
 4  0      0 284656  15680 436192    0    0     0    16 14883 5534 3 88  9  0  0  0
22  0      0 282972  15680 436244    0    0     0    68 14496 5107 4 91  5  0  0  0
 0  0      0 282888  15680 436284    0    0     0     8 14356 5603 3 86 11  0  0  0
28  0      0 281680  15680 436332    0    0     0     0 14864 5501 3 87 10  0  0  0
30  0      0 284552  15680 436372    0    0     0  1324 14784 5195 3 95  2  0  0  0
29  0      0 279096  15688 436416    0    0     0    40 14688 4789 3 97  0  0  0  0
14  0      0 284440  15688 436460    0    0     0     0 15239 5462 3 93  4  0  0  0
26  0      0 281988  15688 436508    0    0     0     0 14362 5135 4 96  0  0  0  0
 9  0      0 274980  15688 437076    0    0   512     0 14815 5666 3 93  4  0  0  0
 5  0      0 277808  15688 437104    0    0     0     0 15077 5308 3 95  2  0  0  0
 0  0      0 284780  15696 437144    0    0     0    16 14873 5512 4 89  7  0  0  0
 1  0      0 286464  15696 437196    0    0     0     0 14849 5459 3 87 10  0  0  0
19  0      0 279396  15696 437240    0    0     0     0 15098 5291 4 88  8  0  0  0
 8  0      0 281412  15696 437280    0    0     0     0 14920 5104 3 92  5  0  0  0
 0  0      0 284708  15696 437324    0    0     0     0 14776 5553 2 84 14  0  0  0
11  0      0 285016  15704 437360    0    0     0    16 15307 5945 2 84 14  0  0  0
14  0      0 285400  15704 437416    0    0     0     0 14681 5187 2 92  6  0  0  0
 9  0      0 283108  15704 437456    0    0     0     0 14767 5489 3 87 10  0  0  0
16  0      0 270068  15704 437532    0    0     0     0 14461 5509 3 95  2  0  0  0
10  0      0 261988  15704 438100    0    0   520     0 14124 5622 3 97  0  0  0  0
38  0      0 268600  15712 438112    0    0     0    16 13906 4895 4 94  2  0  0  0
21  0      0 254800  15712 438168    0    0     0     0 14570 5271 2 98  0  0  0  0
 6  0      0 266440  15712 438208    0    0     0     0 14282 5144 4 95  1  0  0  0
15  0      0 264148  15712 438252    0    0     0     0 13885 4912 3 97  0  0  0  0
19  0      0 261144  15712 438292    0    0     0     0 14861 5250 3 97  0  0  0  0
 0  0      0 269560  15720 438320    0    0     0    16 14077 5656 3 88  8  1  0  0
16  0      0 264800  15720 438380    0    0     0     0 14266 5277 4 95  1  0  0  0
25  0      0 266240  15720 438420    0    0     0     0 13669 5132 3 97  0  0  0  0
35  0      0 263616  15720 438456    0    0     0     0 14538 5345 4 96  0  0  0  0
 8  0      0 276928  15720 438508    0    0     0     0 14371 5403 3 92  5  0  0  0
10  0      0 264296  15728 439632    0    0  1064    16 14708 6443 3 97  0  0  0  0
34  0      0 266116  15728 439652    0    0     0     0 14689 5290 3 96  1  0  0  0
12  0      0 266644  15728 439700    0    0     0     4 14597 5566 3 97  0  0  0  0
21  0      0 270388  15728 439740    0    0     0     0 14251 5484 3 97  0  0  0  0
28  0      0 267764  15728 439784    0    0     0     4 13868 5575 3 92  5  0  0  0
32  0      0 272348  15736 439820    0    0     0  1324 14396 5231 4 93  3  0  0  0
16  0      0 270268  15736 439872    0    0     0    24 14144 5411 3 85 12  0  0  0
11  0      0 275164  15736 439928    0    0     0     0 14538 5509 3 94  3  0  0  0
16  0      0 274724  15736 439964    0    0     0     0 14654 5347 4 94  2  0  0  0
11  0      0 270976  15736 440008    0    0     0     0 14807 5666 2 90  8  0  0  0
24  0      0 269768  15744 440048    0    0     0    16 14260 5716 5 93  2  0  0  0
31  0      0 245564  15744 445328    0    0  5228     0 13473 6388 3 97  0  0  0  0
16  0      0 250468  15744 445352    0    0     0     0 14532 5416 3 97  0  0  0  0
 0  0      0 260036  15744 445404    0    0     0     0 14921 5753 3 91  6  0  0  0
16  0      0 257356  15744 445444    0    0     0     0 14735 5732 3 92  5  0  0  0
 7  0      0 269592  15752 445492    0    0     0    16 14912 5794 3 88  9  0  0  0
21  0      0 262872  15752 445528    0    0     0     0 13629 5435 3 96  1  0  0  0
16  0      0 258972  15752 445572    0    0     0     0 13751 5097 3 97  0  0  0  0
11  0      0 264096  15752 445624    0    0     0     0 15320 5535 4 96  0  0  0  0
31  0      0 254740  15752 445660    0    0     0     0 13730 5597 4 91  5  0  0  0
17  0      0 260436  15760 445692    0    0     0    16 14318 5610 3 97  0  0  0  0
16  0      0 260636  15760 445888    0    0   148     0 14428 5384 3 97  0  0  0  0
12  0      0 268228  15760 446052    0    0    92     0 14813 6142 3 96  1  0  0  0
18  0      0 267496  15760 446068    0    0     0     0 14204 5832 3 91  6  0  0  0
11  0      0 263532  15760 446112    0    0     0     0 14758 5381 3 93  4  0  0  0
13  0      0 261932  15768 446140    0    0     0    16 13862 5502 3 97  0  0  0  0
 6  0      0 269712  15768 446196    0    0     0     0 14014 5572 4 94  2  0  0  0
14  0      0 262928  15768 446232    0    0     0     0 14385 5712 3 92  5  0  0  0
 6  0      0 259824  15768 446276    0    0     0     0 14516 5642 3 92  5  0  0  0
27  0      0 259440  15768 446328    0    0     0     0 14082 5306 4 96  0  0  0  0
30  0      0 258032  15776 446356    0    0     0    16 14164 5585 3 97  0  0  0  0
23  0      0 263408  15776 446412    0    0     0     0 14032 5245 3 97  0  0  0  0
26  0      0 264304  15776 446448    0    0     0     0 13798 5424 3 93  4  0  0  0
18  0      0 256724  15776 446492    0    0     0     0 13944 5672 4 94  2  0  0  0
 9  0      0 264748  15776 446536    0    0     0     0 14655 5604 2 94  4  0  0  0
15  0      0 253212  15784 446564    0    0     0    28 14222 5333 3 96  1  0  0  0
20  0      0 258876  15784 446616    0    0     0  1300 14663 5658 3 91  6  0  0  0
 0  0      0 268824  15784 446668    0    0     0     0 14491 5876 3 82 15  0  0  0
 5  0      0 263640  15784 446704    0    0     0     0 14689 5689 4 93  3  0  0  0
 0  0      0 269840  15784 446760    0    0     0     0 14431 5612 2 85 13  0  0  0
10  0      0 269904  15792 446804    0    0     0    36 14436 5512 4 93  3  0  0  0
 8  0      0 271888  15792 446840    0    0     0    24 14504 5536 3 87 10  0  0  0
 9  0      0 270788  15792 446888    0    0     0     0 14730 5891 3 90  7  0  0  0
21  0      0 252912  15792 455120    0    0  8192     0 13893 5629 3 94  3  0  0  0
 1  0      0 254440  15792 458252    0    0  3080     0 15066 6080 4 92  4  0  0  0
21  0      0 247784  15800 458292    0    0     0    16 14238 5557 2 92  6  0  0  0
10  0      0 254268  15800 458328    0    0     0     0 15218 5635 3 94  3  0  0  0
14  0      0 258860  15800 458376    0    0     0     0 13951 5577 4 93  3  0  0  0
32  0      0 255640  15800 458420    0    0     0     0 14097 5483 3 96  1  0  0  0
39  0      0 250716  15800 458456    0    0     0     0 13843 5598 2 89  9  0  0  0
28  0      0 249252  15808 458508    0    0     0    16 14041 5250 4 96  0  0  0  0
25  0      0 246868  15808 458548    0    0     0     0 13765 5112 3 97  0  0  0  0
 3  0      0 251488  15808 458584    0    0     0     0 14847 5607 4 95  1  0  0  0
 2  0      0 258348  15808 458636    0    0     0     0 14669 5997 3 83 14  0  0  0
10  0      0 251872  15808 466864    0    0  8192     0 14156 6123 3 87 10  0  0  0
 1  0      0 254260  15816 466908    0    0     0    16 14606 6035 4 85 11  0  0  0
34  0      0 252340  15816 466956    0    0     0     0 14809 5564 3 93  4  0  0  0
22  0      0 246412  15816 466992    0    0     0     0 14809 6135 3 86 11  0  0  0
12  0      0 247180  15816 467040    0    0     0     0 14909 5613 3 96  1  0  0  0
20  0      0 248372  15816 467084    0    0     0     0 14612 5395 4 95  1  0  0  0
 5  0      0 250868  15824 467112    0    0     0    16 15167 5613 3 95  2  0  0  0
22  0      0 253344  15824 467172    0    0     0     0 14893 5940 3 86 11  0  0  0
22  0      0 245860  15824 467216    0    0     0     4 14510 5448 3 97  0  0  0  0
 5  0      0 248132  15824 467260    0    0     0     0 15087 5674 4 91  5  0  0  0
 1  0      0 243440  15824 472700    0    0  5364     0 14492 5718 2 97  1  0  0  0
25  0      0 232016  15832 472696    0    0     0    16 14338 5708 3 93  4  0  0  0
19  0      0 244884  15832 472748    0    0     0     0 15050 5927 3 88  9  0  0  0
27  0      0 237396  15832 472800    0    0     0  1320 13937 5374 3 94  3  0  0  0
12  0      0 233684  15832 472836    0    0     0     0 14719 5595 3 97  0  0  0  0
 6  0      0 237940  15832 472888    0    0     0     0 14672 5337 4 96  0  0  0  0
 6  0      0 239688  15840 472932    0    0     0    36 14966 5552 3 94  2  1  0  0
12  0      0 230216  15840 472968    0    0     0     0 13983 5132 4 96  0  0  0  0
 7  0      0 241544  15840 473020    0    0     0     0 15266 5880 3 96  1  0  0  0
 3  0      0 243464  15840 473064    0    0     0     0 14540 5736 3 92  5  0  0  0
 5  0      0 244808  15840 473104    0    0     0     0 14684 5891 3 90  7  0  0  0
19  0      0 240524  15848 473852    0    0   720    16 14183 5916 3 86 11  0  0  0
 8  0      0 242440  15848 473888    0    0     0    20 15046 5820 4 91  5  0  0  0
17  0      0 240404  15848 473944    0    0     0     0 14955 5711 3 92  5  0  0  0
14  0      0 236192  15848 473988    0    0     0     0 14060 5535 3 97  0  0  0  0
 6  0      0 240768  15848 474032    0    0     0     0 15293 5594 4 95  1  0  0  0
22  0      0 237632  15856 474072    0    0     0    16 15531 5710 3 94  3  0  0  0
19  0      0 237536  15856 474120    0    0     0     0 14772 5600 4 94  2  0  0  0
22  0      0 237952  15856 474160    0    0     0     0 14871 5524 2 98  0  0  0  0
 6  0      0 239440  15856 474208    0    0     0     0 15103 5515 3 93  4  0  0  0
 4  0      0 243632  15856 474252    0    0     0     0 14503 5881 3 84 13  0  0  0
 9  0      0 233760  15864 477928    0    0  3644    16 14659 5660 3 90  7  0  0  0
12  0      0 233352  15864 477972    0    0     0     0 14682 6018 3 84 13  0  0  0
25  0      0 212044  15864 478008    0    0     0     0 13295 5571 2 92  6  0  0  0
19  0      0 228008  15864 478064    0    0     0     0 15018 5756 4 90  6  0  0  0
 5  0      0 234624  15864 478108    0    0     0     0 15353 5547 3 90  7  0  0  0
11  0      0 234412  15872 478148    0    0     0    16 15495 5704 3 95  1  1  0  0
25  0      0 234732  15872 478192    0    0     0     0 14960 5515 3 96  1  0  0  0
25  0      0 226992  15872 478236    0    0     0     0 14861 5487 3 97  0  0  0  0
39  0      0 225312  15872 478268    0    0     0     0 14007 5162 3 97  0  0  0  0
15  0      0 223636  15872 478316    0    0     0     0 14242 5316 3 97  0  0  0  0
19  0      0 225016  15880 478388    0    0     0    20 14357 6055 4 96  0  0  0  0
 8  0      0 223360  15880 479348    0    0   964     0 13740 6400 4 95  1  0  0  0
39  0      0 215884  15880 479388    0    0     0  1308 14850 5547 2 97  1  0  0  0
 3  0      0 228428  15880 479428    0    0     0     4 14700 5621 4 96  0  0  0  0
 0  0      0 230240  15880 479480    0    0     0     0 14824 6042 4 90  6  0  0  0
25  0      0 219708  15888 479520    0    0     0    28 13469 5750 3 97  0  0  0  0
18  0      0 230428  15888 479560    0    0     0     0 14144 5582 3 97  0  0  0  0
23  0      0 227752  15888 479600    0    0     0     0 14155 5718 3 94  3  0  0  0
26  0      0 231528  15888 479640    0    0     0     0 14274 5471 3 97  0  0  0  0
24  0      0 222848  15888 479688    0    0     0     0 13742 5736 4 96  0  0  0  0
17  0      0 223680  15896 479736    0    0     0    16 13927 5812 3 97  0  0  0  0
15  1      0 227744  15896 481828    0    0     0     0 15059 5918 3 95  2  0  0  0
 8  0      0 218016  15896 479808    0    0     0     0 13936 5218 4 96  0  0  0  0
10  0      0 226804  15896 479852    0    0     0     0 15205 5731 2 94  4  0  0  0
16  0      0 227420  15896 479892    0    0     0     0 14405 5998 3 86 11  0  0  0
 0  0      0 224956  15904 479940    0    0     0    16 14988 5887 3 92  5  0  0  0
12  0      0 221948  15904 479980    0    0     0    16 15079 5620 3 92  5  0  0  0
15  0      0 229264  15904 480024    0    0     0     0 14749 6149 3 87 10  0  0  0
33  0      0 231536  15904 480068    0    0     0     0 13865 6215 3 86 11  0  0  0
37  0      0 224508  15904 480108    0    0     0     0 14099 5649 3 97  0  0  0  0
18  0      0 225000  15912 480152    0    0     0    16 14128 5699 3 91  6  0  0  0
49  0      0 224772  15912 480200    0    0     0     0 14501 5212 3 94  3  0  0  0
22  0      0 229196  15912 480244    0    0     0     0 14715 5549 4 94  2  0  0  0
 5  0      0 230188  15912 480288    0    0     0     0 14784 5937 2 88 10  0  0  0
13  0      0 231276  15912 480328    0    0     0     0 14528 5933 3 88  9  0  0  0
17  0      0 233900  15920 480372    0    0     0    16 14840 5496 4 92  4  0  0  0
 4  0      0 233204  15920 480420    0    0     0     0 15113 5745 2 95  3  0  0  0
14  0      0 229808  15920 480460    0    0     0     4 15271 5444 3 96  1  0  0  0
 1  0      0 231296  15920 480508    0    0     0     0 14921 5882 2 89  9  0  0  0
 7  0      0 232576  15920 480548    0    0     0     0 14968 5492 3 93  4  0  0  0
25  0      0 227384  15928 480588    0    0     0    16 13704 5440 4 94  2  0  0  0
19  0      0 229204  15928 480640    0    0     0     0 14504 5412 3 93  4  0  0  0
22  0      0 230332  15928 480680    0    0     0     0 13779 5371 3 97  0  0  0  0
19  0      0 228388  15928 480724    0    0     0  1304 14836 5677 3 97  0  0  0  0
11  0      0 227428  15928 480768    0    0     0     8 14990 5570 4 96  0  0  0  0
10  0      0 230500  15936 480812    0    0     0    36 14927 5679 2 91  7  0  0  0
20  0      0 225220  15936 480852    0    0     0     0 13323 5773 4 87  9  0  0  0
10  0      0 229316  15936 480900    0    0     0     0 14176 5569 3 97  0  0  0  0
 8  0      0 231120  15936 480944    0    0     0     0 14839 6298 3 81 16  0  0  0
20  0      0 224304  15936 480984    0    0     0     0 14956 5436 4 96  0  0  0  0
25  0      0 228656  15944 481024    0    0     0    16 15065 5894 3 92  5  0  0  0
 7  0      0 229648  15944 481072    0    0     0     0 14217 6238 3 90  7  0  0  0
14  0      0 230008  15944 481116    0    0     0     0 14739 5999 5 92  3  0  0  0
 4  0      0 225420  15944 481160    0    0     0     0 14257 5266 3 95  2  0  0  0
10  0      0 229036  15944 481204    0    0     0     0 15042 5802 3 89  8  0  0  0
 8  0      0 230508  15952 481244    0    0     0    16 14886 6210 3 86 11  0  0  0
13  0      0 227632  15952 481284    0    0     0     0 14954 5349 4 96  0  0  0  0
 8  0      0 229116  15952 481332    0    0     0     0 14203 5996 3 88  9  0  0  0
24  0      0 230972  15952 481368    0    0     0     0 14328 5827 3 87 10  0  0  0
28  0      0 227340  15952 481412    0    0     0     0 14586 5583 3 93  4  0  0  0
14  0      0 227916  15960 481452    0    0     0    16 15485 5434 4 96  0  0  0  0
21  0      0 229140  15960 481496    0    0     0    20 14879 5385 3 97  0  0  0  0
 3  0      0 228444  15960 481544    0    0     0     0 15452 6117 4 90  6  0  0  0
25  0      0 225308  15960 481588    0    0     0     0 14466 5695 3 91  6  0  0  0
40  0      0 216900  15960 481624    0    0     0     0 15301 5446 3 97  0  0  0  0
27  0      0 218708  15968 481680    0    0     0    16 15103 5209 4 96  0  0  0  0
 7  0      0 227192  15968 481728    0    0     0     0 15422 6205 3 91  6  0  0  0
34  0      0 225816  15968 481776    0    0     0     0 15558 6007 3 89  8  0  0  0
 4  0      0 228792  15968 481820    0    0     0     0 14747 5947 3 85 12  0  0  0
22  0      0 229976  15968 481860    0    0     0     0 14927 6075 4 85 11  0  0  0
21  0      0 217464  15976 481900    0    0     0    20 14971 5020 3 97  0  0  0  0
25  0      0 223992  15976 481948    0    0     0     0 15772 5871 4 93  3  0  0  0
 8  0      0 228376  15976 481988    0    0     0     0 14779 6328 3 81 16  0  0  0
17  0      0 228760  15976 482032    0    0     0     0 14981 6176 3 84 13  0  0  0
 0  0      0 229688  15976 482072    0    0     0  1312 14850 5862 2 91  7  0  0  0
13  0      0 231512  15984 482116    0    0     0    44 14613 6051 3 84 12  1  0  0
16  0      0 227704  15984 482160    0    0     0     0 15010 6134 4 85 11  0  0  0
17  0      0 226648  15984 482204    0    0     0     0 15483 5785 3 93  4  0  0  0
42  0      0 228184  15984 482244    0    0     0     0 14855 5746 3 92  5  0  0  0
18  0      0 225060  15984 482288    0    0     0     0 15102 5668 4 96  0  0  0  0
35  0      0 227592  15992 482332    0    0     0    16 14561 6060 3 87 10  0  0  0
 3  0      0 225004  15992 482376    0    0     0     0 14492 5520 4 94  2  0  0  0
 6  0      0 228460  15992 482416    0    0     0     0 14841 6231 4 85 11  0  0  0
 0  0      0 229804  15992 482460    0    0     0     0 15091 6036 4 89  7  0  0  0
20  0      0 229404  15992 482504    0    0     0     0 15205 5817 3 93  4  0  0  0
26  0      0 229244  16000 482544    0    0     0    16 14800 5862 3 90  7  0  0  0
29  0      0 224124  16000 482584    0    0     0     0 15444 5364 4 96  0  0  0  0
 8  0      0 227708  16000 482632    0    0     0     0 14728 6120 3 87 10  0  0  0
 9  0      0 229084  16000 482672    0    0     0     0 14865 6118 3 86 11  0  0  0
14  0      0 230460  16000 482716    0    0     0     0 15112 5744 3 89  8  0  0  0
 4  0      0 230972  16008 482760    0    0     0    16 14492 6228 3 80 17  0  0  0
12  0      0 231996  16008 482804    0    0     0     0 14674 6042 3 89  8  0  0  0
18  0      0 232924  16008 482844    0    0     0     0 15107 5698 3 92  5  0  0  0
 0  0      0 234172  16008 482888    0    0     0     0 15260 5972 3 87 10  0  0  0
 5  0      0 236028  16008 482932    0    0     0     0 14793 6234 4 83 13  0  0  0
 0  0      0 237404  16016 482976    0    0     0    16 15129 5897 2 88 10  0  0  0
 0  0      0 236604  16016 483016    0    0     0    24 14978 6116 4 84 12  0  0  0
 9  0      0 237756  16016 483060    0    0     0     4 14784 6105 2 81 17  0  0  0
18  0      0 234076  16016 483104    0    0     0     0 15470 5928 4 85 11  0  0  0
 5  0      0 231452  16016 483144    0    0     0     0 14654 5595 2 93  5  0  0  0
 0  0      0 232924  16024 483192    0    0     0    16 13957 6148 4 85 11  0  0  0
15  0      0 230812  16024 483228    0    0     0     0 14426 5504 3 93  4  0  0  0
17  0      0 223100  16024 483272    0    0     0     0 14603 5404 3 96  1  0  0  0
 0  0      0 226500  16024 483320    0    0     0     0 14768 5697 4 87  9  0  0  0
31  0      0 224548  16024 483356    0    0     0  1316 13416 5484 2 92  6  0  0  0
 6  0      0 225572  16032 483400    0    0     0    28 15172 5497 4 95  1  0  0  0
 7  0      0 227652  16032 483444    0    0     0     4 14575 5278 4 90  6  0  0  0
 9  0      0 229668  16032 483488    0    0     0     0 14668 5594 3 90  7  0  0  0
 0  0      0 231812  16032 483532    0    0     0     0 14619 6086 4 81 15  0  0  0
 9  0      0 233028  16032 483572    0    0     0     0 14825 5853 4 89  7  0  0  0
18  0      0 231492  16040 483616    0    0     0    16 14850 6272 2 84 14  0  0  0
 0  0      0 232996  16040 483660    0    0     0     0 14969 5751 3 88  9  0  0  0
39  0      0 231780  16040 483700    0    0     0     0 14933 5445 4 93  3  0  0  0
 4  0      0 231076  16040 483744    0    0     0     0 15074 5931 3 88  9  0  0  0
14  0      0 231684  16040 483788    0    0     0     0 15366 5554 4 91  5  0  0  0
 8  0      0 233060  16048 483832    0    0     0    16 14888 6207 3 85 12  0  0  0
 4  0      0 228556  16048 483880    0    0     0     0 14294 5711 3 88  9  0  0  0
 7  0      0 228716  16048 483920    0    0     0     0 15239 5604 3 93  4  0  0  0
11  0      0 230764  16048 483964    0    0     0     0 15830 5729 3 92  5  0  0  0
 0  0      0 228620  16048 483988    0    0     0     0 7520 2793  1 45 54  0  0  0
 0  0      0 228620  16048 483988    0    0     0     0 1013   71  0  1 99  0  0  0
 0  0      0 228620  16064 483980    0    0     0  2076 1021  114  0  2 97  1  0  0
 0  0      0 228620  16064 483988    0    0     0     0 1015   79  0  1 99  0  0  0
 0  0      0 228620  16064 483988    0    0     0     0 1008   74  0  1 99  0  0  0
 0  0      0 228620  16064 483988    0    0     0     0 1014   85  0  2 98  0  0  0
