procs -----------memory---------- ---swap-- -----io---- -system-- -------cpu-------
 r  b   swpd   free   buff  cache   si   so    bi    bo   in   cs us sy id wa st gu
 0  0      0 334676  15580 443940    0    0 62368   995 2104   47  2 23 67  8  0  0
 4  0      0 325996  15580 443976    0    0     0     0 14917 5236 3 77 20  0  0  0
 4  0      0 327024  15580 444012    0    0     0     0 15125 6108 2 73 25  0  0  0
 1  0      0 327920  15580 444056    0    0     0     0 15371 5838 3 73 24  0  0  0
 6  0      0 328160  15580 444096    0    0     0     0 15186 5705 3 73 24  0  0  0
 1  0      0 327116  15588 444160    0    0     0    64 15393 5777 2 73 24  1  0  0
 5  0      0 324236  15588 444184    0    0     0     0 15759 5840 2 75 23  0  0  0
 4  0      0 322092  15588 444224    0    0     0     0 14947 5794 3 71 26  0  0  0
11  0      0 323768  15588 444260    0    0     0     0 14736 5953 3 69 28  0  0  0
 0  0      0 325112  15588 444296    0    0     0     0 15137 5841 2 72 26  0  0  0
 3  0      0 324408  15596 444364    0    0     0    24 15224 6002 1 71 28  0  0  0
 0  0      0 323736  15596 444376    0    0     0     0 15481 5913 3 70 27  0  0  0
 9  0      0 320596  15596 444416    0    0     0     0 15280 5647 2 73 25  0  0  0
 3  0      0 322048  15596 444460    0    0     0     0 15722 5660 3 81 16  0  0  0
 2  0      0 317248  15596 444500    0    0     0     0 14305 5462 2 79 19  0  0  0
10  0      0 319500  15604 444568    0    0     0    20 15383 5820 2 73 25  0  0  0
 6  0      0 321260  15604 444580    0    0     0     0 14405 5668 2 65 33  0  0  0
 6  0      0 322704  15604 444620    0    0     0     0 15119 5764 3 71 26  0  0  0
14  0      0 323804  15604 444656    0    0     0     0 14498 5797 2 70 28  0  0  0
 4  0      0 324380  15604 444696    0    0     0     0 16089 5786 3 75 22  0  0  0
 5  0      0 325796  15612 444768    0    0     0    16 15549 5828 2 72 26  0  0  0
 0  0      0 325988  15612 444776    0    0     0     0 14680 5719 2 68 30  0  0  0
 8  0      0 321828  15612 444816    0    0     0     0 14527 5766 3 67 30  0  0  0
 6  0      0 321680  15612 444864    0    0     0     0 14444 5568 2 69 29  0  0  0
 0  0      0 323448  15612 444904    0    0     0     0 14835 5673 1 69 30  0  0  0
 4  0      0 324220  15620 444972    0    0     0    16 14669 5790 2 66 31  1  0  0
 0  0      0 325996  15620 444984    0    0     0     0 14959 5846 3 67 30  0  0  0
 6  0      0 312684  15620 445056    0    0     0   208 14803 5744 2 68 30  0  0  0
 0  0      0 312748  15620 445068    0    0     0  4768 15585 6300 2 71 27  0  0  0
16  0      0 311020  15620 445100    0    0     0    44 14565 5820 2 69 29  0  0  0
 0  0      0 310708  15632 445168    0    0     0    64 15014 5888 2 70 27  1  0  0
 4  0      0 312372  15632 445184    0    0     0     4 14606 5793 2 67 31  0  0  0
10  0      0 313800  15632 445220    0    0     0     0 14796 5892 3 66 31  0  0  0
 8  0      0 311656  15632 445260    0    0     0     0 16233 5524 2 76 22  0  0  0
 5  0      0 313180  15632 445308    0    0     0  1340 15062 5697 2 71 27  0  0  0
 4  0      0 313212  15640 445376    0    0     0    36 15450 5683 3 70 27  0  0  0
 8  0      0 313316  15640 445388    0    0     0     0 14889 5650 2 68 30  0  0  0
 0  0      0 301316  15640 445428    0    0     0     0 15096 5750 2 69 29  0  0  0
 0  0      0 298948  15640 445468    0    0     0     0 15561 5659 3 70 27  0  0  0
 7  0      0 301584  15640 445508    0    0     0     0 14998 5784 3 69 28  0  0  0
 2  0      0 300304  15648 445580    0    0     0    16 15057 5866 2 68 29  1  0  0
 0  0      0 295600  15648 445592    0    0     0     0 15222 5641 3 71 26  0  0  0
 0  0      0 297040  15648 445628    0    0     0     0 15591 5928 1 71 28  0  0  0
 0  0      0 298672  15648 445672    0    0     0     0 14719 5620 3 67 30  0  0  0
 0  0      0 299736  15648 445712    0    0     0     0 14773 5706 2 67 31  0  0  0
 5  0      0 299660  15656 445776    0    0     0    16 15577 5793 2 72 25  1  0  0
 4  0      0 298284  15656 445792    0    0     0     0 15721 5676 3 76 21  0  0  0
 6  0      0 282444  15656 447892    0    0  2032     0 14934 5607 3 71 26  0  0  0
 3  0      0 281336  15656 447908    0    0     0     0 15228 5704 2 69 29  0  0  0
 0  0      0 283544  15656 447948    0    0     0     0 15202 5754 3 70 27  0  0  0
 4  0      0 284740  15664 448016    0    0     0    16 14607 5706 2 66 32  0  0  0
 6  0      0 285360  15664 448036    0    0     0     0 14613 5856 2 67 31  0  0  0
 3  0      0 284912  15664 448076    0    0     0     0 14262 5602 3 67 30  0  0  0
 0  0      0 278128  15664 448112    0    0     0     0 15120 5680 2 71 27  0  0  0
 6  0      0 280540  15664 448156    0    0     0     0 15852 5791 3 73 24  0  0  0
 3  0      0 282212  15672 448224    0    0     0    16 15036 5796 2 68 30  0  0  0
 0  0      0 285256  15672 448232    0    0     0     0 14859 5813 2 66 32  0  0  0
 1  0      0 284968  15672 448280    0    0     0     0 14922 5800 3 69 28  0  0  0
 2  0      0 281640  15672 448316    0    0     0     0 14903 5807 2 70 28  0  0  0
 5  0      0 283544  15672 448356    0    0     0   168 15584 5797 3 75 21  1  0  0
 4  0      0 282008  15680 448424    0    0     0    16 14251 5881 1 69 30  0  0  0
 8  0      0 283116  15680 448436    0    0     0    56 14573 5534 3 69 28  0  0  0
 0  0      0 283148  15680 448476    0    0     0     0 14929 5781 2 67 31  0  0  0
 0  0      0 284344  15680 448524    0    0     0     8 15134 5868 3 68 29  0  0  0
 2  0      0 284600  15680 448564    0    0     0     0 14359 5637 2 65 33  0  0  0
 4  0      0 286060  15688 448632    0    0     0  1260 14799 5739 2 69 29  0  0  0
 8  0      0 281068  15688 448640    0    0     0     0 15396 5757 2 70 28  0  0  0
 4  0      0 283032  15688 448684    0    0     0     0 14712 5822 2 66 32  0  0  0
 4  0      0 280424  15688 450336    0    0  1612     0 15751 5858 3 74 23  0  0  0
 6  0      0 278164  15688 450376    0    0     0     0 13996 5566 2 68 30  0  0  0
 0  0      0 280544  15696 450444    0    0     0    16 14967 5592 3 69 27  1  0  0
 1  0      0 279904  15696 450460    0    0     0     0 15078 5722 2 71 27  0  0  0
 0  0      0 280064  15696 450496    0    0     0     0 14821 5843 2 67 31  0  0  0
 0  0      0 281280  15696 450536    0    0     0     0 15078 5621 3 69 28  0  0  0
 5  0      0 280220  15696 450576    0    0     0     0 15386 5808 2 70 28  0  0  0
 0  0      0 280220  15704 450652    0    0     0    20 15087 5670 2 72 26  0  0  0
 0  0      0 280884  15704 450664    0    0     0     0 14845 5662 3 68 29  0  0  0
 7  0      0 279840  15704 450704    0    0     0     0 15713 5739 2 75 23  0  0  0
 5  0      0 271164  15704 451176    0    0   392     0 14802 5742 3 68 29  0  0  0
 0  0      0 270576  15704 451176    0    0     0     0 15874 5685 2 78 20  0  0  0
 0  0      0 275096  15712 451240    0    0     0    16 14724 5578 2 75 23  0  0  0
 2  0      0 275160  15712 451260    0    0     0     0 15329 5536 3 71 26  0  0  0
 0  0      0 273316  15712 451296    0    0     0     0 14832 5681 1 71 28  0  0  0
10  0      0 275672  15712 451336    0    0     0     0 14600 5593 3 67 30  0  0  0
 4  0      0 275416  15712 451380    0    0     0     0 15350 5772 2 70 28  0  0  0
 1  0      0 276312  15720 451444    0    0     0    16 15022 5620 3 69 27  1  0  0
 3  0      0 273016  15720 451460    0    0     0     0 15278 5664 2 69 29  0  0  0
 4  0      0 275964  15720 451500    0    0     0     0 15405 5665 2 76 22  0  0  0
 5  0      0 272600  15720 451712    0    0   120     0 15085 5761 2 72 25  1  0  0
 5  0      0 274204  15720 451700    0    0     0     0 14884 5702 4 65 31  0  0  0
 3  0      0 276136  15728 451768    0    0     0    16 14191 5591 2 68 30  0  0  0
 7  0      0 275280  15728 451780    0    0     0     0 15910 5575 2 76 22  0  0  0
15  0      0 269260  15728 451828    0    0     0     0 14282 5597 3 76 21  0  0  0
 2  0      0 275536  15728 451868    0    0     0     0 15620 5716 2 70 28  0  0  0
 5  0      0 276720  15728 451908    0    0     0     4 14879 5935 2 67 31  0  0  0
 8  0      0 278108  15736 451976    0    0     0  1252 14751 5846 2 68 28  2  0  0
 5  0      0 279704  15736 451988    0    0     0    28 14962 5732 2 70 28  0  0  0
 0  0      0 280376  15736 452028    0    0     0     0 13893 5621 2 62 36  0  0  0
 0  0      0 270776  15736 452804    0    0   668     0 14795 5807 3 68 29  0  0  0
 4  0      0 270608  15736 452780    0    0     0     0 15297 5659 2 71 27  0  0  0
 5  0      0 273248  15744 452848    0    0     0    16 14692 5767 2 68 30  0  0  0
 7  0      0 275556  15744 452860    0    0     0     0 14583 5651 3 67 30  0  0  0
 2  0      0 275000  15744 452900    0    0     0     0 14087 5629 2 65 33  0  0  0
 8  0      0 275208  15744 452940    0    0     0     0 15766 5749 2 73 25  0  0  0
 7  0      0 275216  15744 452988    0    0     0     4 14951 5741 2 68 30  0  0  0
 1  0      0 276724  15752 453056    0    0     0    16 14744 5735 2 67 31  0  0  0
 0  0      0 274388  15752 453064    0    0     0     0 14265 5594 2 68 30  0  0  0
 8  0      0 277748  15752 453104    0    0     0     0 15216 6006 3 67 30  0  0  0
 0  0      0 276284  15752 453148    0    0     0     0 15175 5847 2 70 28  0  0  0
 0  0      0 268884  15752 459332    0    0  6144     0 15589 6051 2 73 25  0  0  0
 1  0      0 268576  15760 459400    0    0     0    16 15684 5748 2 74 24  0  0  0
 2  0      0 266400  15760 459412    0    0     0     0 15471 5559 3 73 24  0  0  0
 7  0      0 267676  15760 459452    0    0     0     0 15229 5709 2 71 27  0  0  0
 8  0      0 267644  15760 459492    0    0     0     0 14857 5700 2 69 29  0  0  0
 0  0      0 269580  15760 459532    0    0     0     0 15163 5587 2 75 24  0  0  0
 0  0      0 266988  15768 459608    0    0     0    16 15320 5616 2 74 22  1  0  0
 5  0      0 268400  15768 459620    0    0     0     0 15622 5559 2 70 28  0  0  0
 4  0      0 269212  15768 459656    0    0     0     0 15632 5730 3 72 25  0  0  0
 4  0      0 267868  15768 459700    0    0     0     0 14671 5324 2 79 19  0  0  0
 1  0      0 268940  15768 459924    0    0   148     0 15344 5857 2 72 26  0  0  0
 1  0      0 269292  15776 459944    0    0     0    16 15266 5803 3 69 28  0  0  0
 0  0      0 267500  15776 459960    0    0     0     0 14874 5682 2 69 29  0  0  0
 0  0      0 267652  15776 460000    0    0     0     0 14923 5637 2 70 28  0  0  0
 6  0      0 267980  15776 460040    0    0     0     0 15351 5847 2 73 25  0  0  0
 0  0      0 270168  15776 460080    0    0     0     0 14845 5736 2 67 31  0  0  0
 0  0      0 265424  15784 460148    0    0     0    16 15860 5307 2 81 16  1  0  0
10  0      0 268036  15784 460160    0    0     0  1232 14820 5839 2 68 30  0  0  0
 0  0      0 268836  15784 460204    0    0     0     0 15260 5919 2 71 27  0  0  0
 0  0      0 269860  15784 460244    0    0     0     0 15234 6134 2 67 31  0  0  0
 0  0      0 264432  15784 460424    0    0    92     0 14991 5668 2 70 27  1  0  0
 0  0      0 265648  15792 460432    0    0     0    36 15059 5760 3 68 29  0  0  0
 0  0      0 269300  15792 460448    0    0     0    20 15400 5737 3 73 24  0  0  0
 2  0      0 266528  15792 460488    0    0     0     0 15145 5785 2 73 25  0  0  0
 8  0      0 268796  15792 460532    0    0     0     0 14413 5836 3 67 30  0  0  0
 0  0      0 270080  15792 460572    0    0     0     0 15561 5755 1 74 25  0  0  0
 6  0      0 269408  15800 460644    0    0     0    20 14980 5742 2 68 29  1  0  0
 0  0      0 271072  15800 460652    0    0     0     0 14265 5743 2 64 34  0  0  0
 8  0      0 269828  15800 460692    0    0     0     0 15253 5815 2 71 27  0  0  0
 8  0      0 272132  15800 460736    0    0     0     0 14056 5969 3 64 33  0  0  0
 6  0      0 265976  15800 468968    0    0  8192     0 15170 5871 2 69 29  0  0  0
27  0      0 263752  15808 469036    0    0     0    16 14775 5815 2 71 27  0  0  0
 3  0      0 264072  15808 469048    0    0     0     0 15330 5937 2 74 24  0  0  0
 6  0      0 265896  15808 469088    0    0     0     0 15597 5763 2 74 24  0  0  0
 0  0      0 263176  15808 469128    0    0     0     0 14238 5663 2 68 30  0  0  0
 0  0      0 263232  15808 469172    0    0     0     0 15767 5670 2 75 23  0  0  0
 0  0      0 264872  15816 469248    0    0     0    16 14665 5906 2 68 29  1  0  0
 0  0      0 264736  15816 469256    0    0     0     0 15072 5687 2 69 29  0  0  0
 0  0      0 263536  15816 469296    0    0     0     0 15031 5920 1 69 30  0  0  0
 4  0      0 262492  15816 469336    0    0     0     0 15426 5820 2 73 25  0  0  0
 2  0      0 262212  15816 469376    0    0     0     0 15207 5704 2 73 25  0  0  0
 7  0      0 255172  15824 472520    0    0  3080    16 15009 5709 3 74 22  1  0  0
 1  0      0 255516  15824 472532    0    0     0     0 14931 5749 2 71 27  0  0  0
 7  0      0 255804  15824 472572    0    0     0     0 14805 5520 3 65 32  0  0  0
 0  0      0 256592  15824 472612    0    0     0     0 15343 5759 2 73 25  0  0  0
 4  0      0 257520  15824 472648    0    0     0     0 13509 5538 1 64 35  0  0  0
 0  0      0 253760  15832 472720    0    0     0    16 15235 5595 2 75 22  1  0  0
 6  0      0 257384  15832 472740    0    0     0     0 14714 5796 3 69 28  0  0  0
 3  0      0 254808  15832 472776    0    0     0  1232 15599 5713 2 75 23  0  0  0
 5  0      0 258088  15832 472820    0    0     0     0 14478 5731 2 66 32  0  0  0
 0  0      0 259112  15832 472856    0    0     0     0 14047 5724 3 66 31  0  0  0
 0  0      0 241452  15840 486484    0    0 13556    36 14317 5681 1 69 29  1  0  0
 8  0      0 244300  15840 486496    0    0     0     0 15094 5909 2 68 30  0  0  0
 4  0      0 242860  15840 486536    0    0     0     0 15266 5791 3 70 27  0  0  0
 0  0      0 244428  15840 486576    0    0     0     4 14873 5724 2 67 31  0  0  0
 2  0      0 242040  15840 486616    0    0     0     0 14938 5812 2 68 30  0  0  0
 0  0      0 242540  15848 486684    0    0     0    16 15227 5598 2 72 26  0  0  0
 0  0      0 243852  15848 486696    0    0     0    24 15045 5772 3 69 28  0  0  0
 0  0      0 244620  15848 486740    0    0     0     0 15898 5897 2 74 24  0  0  0
 2  0      0 245612  15848 486780    0    0     0     0 14491 5820 3 65 32  0  0  0
 1  0      0 242880  15848 486820    0    0     0     0 15064 5805 2 70 28  0  0  0
 1  0      0 240916  15856 487620    0    0   720    16 15198 5911 2 69 28  1  0  0
 9  0      0 241832  15856 487600    0    0     0     0 15078 5790 2 68 30  0  0  0
 3  0      0 235088  15856 487644    0    0     0     0 14458 5555 3 71 26  0  0  0
 7  0      0 240424  15856 487688    0    0     0     0 14544 5575 2 67 31  0  0  0
 0  0      0 242756  15856 487728    0    0     0     0 14125 5561 2 64 34  0  0  0
 1  0      0 244548  15864 487796    0    0     0    16 14909 5832 2 69 29  0  0  0
 0  0      0 243588  15864 487808    0    0     0     0 14554 5822 2 67 31  0  0  0
 0  0      0 244976  15864 487848    0    0     0     0 15543 5994 2 70 28  0  0  0
16  0      0 243536  15864 487888    0    0     0     0 14817 5682 2 69 29  0  0  0
 0  0      0 243928  15864 487932    0    0     0     0 14604 5548 2 69 29  0  0  0
 8  0      0 239296  15872 491664    0    0  3644    16 14783 5847 3 67 30  0  0  0
 6  0      0 238080  15872 491644    0    0     0     0 13991 5490 2 68 30  0  0  0
 2  0      0 236968  15872 491688    0    0     0     0 15468 5736 2 74 24  0  0  0
 9  0      0 239040  15872 491728    0    0     0     0 14909 5764 2 69 29  0  0  0
 7  0      0 237920  15872 491764    0    0     0     0 14892 5768 2 67 31  0  0  0
 0  0      0 236020  15880 491840    0    0     0    16 14615 5668 3 70 26  1  0  0
 0  0      0 236020  15880 491852    0    0     0     0 15248 6049 2 68 30  0  0  0
 4  0      0 238364  15880 491892    0    0     0  1224 14349 5745 2 67 31  0  0  0
 0  0      0 235600  15880 491932    0    0     0     4 15211 5820 2 73 25  0  0  0
 4  0      0 236136  15880 491972    0    0     0     0 15306 5761 2 73 25  0  0  0
 0  0      0 236648  15888 492040    0    0     0    28 14737 5870 2 69 28  1  0  0
 0  0      0 235048  15888 493004    0    0   964     0 14408 5614 3 66 31  0  0  0
 5  0      0 234192  15888 493044    0    0     0     0 14958 5614 2 72 26  0  0  0
 2  0      0 236492  15888 493084    0    0     0     0 15186 5822 2 71 27  0  0  0
 5  0      0 237076  15888 493160    0    0     0     0 14209 5840 2 64 34  0  0  0
 4  0      0 236908  15896 493196    0    0     0    20 14777 5785 3 65 31  1  0  0
 3  0      0 236460  15896 493216    0    0     0     0 15532 5775 3 74 23  0  0  0
 3  0      0 233912  15896 493252    0    0     0     0 15182 5600 3 71 26  0  0  0
 0  0      0 236308  15896 493292    0    0     0     0 14596 5892 2 69 29  0  0  0
 0  0      0 237096  15896 493332    0    0     0     0 14544 5617 2 66 32  0  0  0
 1  0      0 236584  15904 493400    0    0     0    16 14518 5723 3 66 31  0  0  0
 6  0      0 232960  15904 493448    0    0     0    16 15322 5789 2 74 24  0  0  0
 3  0      0 235576  15904 493440    0    0     0     0 14340 5654 1 67 32  0  0  0
 0  0      0 235820  15904 493480    0    0     0     0 15649 5751 2 75 23  0  0  0
 0  0      0 235756  15904 493520    0    0     0     0 15241 5849 2 69 29  0  0  0
 0  0      0 236012  15912 493584    0    0     0    16 14727 5690 2 66 31  1  0  0
 3  0      0 236788  15912 493600    0    0     0     0 14399 5761 2 65 33  0  0  0
 5  0      0 234292  15912 493640    0    0     0     0 15073 5702 2 70 28  0  0  0
 7  0      0 233672  15912 493680    0    0     0     0 15192 5708 2 73 25  0  0  0
 4  0      0 236540  15912 493724    0    0     0     0 15140 5734 2 71 27  0  0  0
10  0      0 235496  15920 493788    0    0     0    16 15227 5926 2 70 27  1  0  0
 3  0      0 236636  15920 493844    0    0     0     0 14434 5736 2 65 33  0  0  0
 0  0      0 235188  15920 493840    0    0     0     0 15250 5685 2 71 27  0  0  0
 3  0      0 235008  15920 493880    0    0     0     0 14529 5671 2 69 29  0  0  0
11  0      0 231464  15920 493928    0    0     0     0 14546 5696 2 68 30  0  0  0
 0  0      0 235412  15928 493996    0    0     0    16 14961 5712 2 68 30  0  0  0
 7  0      0 236084  15928 494008    0    0     0     0 14787 5698 2 71 27  0  0  0
 4  0      0 237876  15928 494048    0    0     0     0 15434 5768 2 72 26  0  0  0
 0  0      0 235796  15928 494120    0    0     0  1224 15461 5838 3 71 26  0  0  0
 3  0      0 237372  15928 494128    0    0     0     8 14627 5832 2 65 33  0  0  0
 8  0      0 238920  15936 494200    0    0     0    36 15627 5934 2 73 25  0  0  0
 9  0      0 234728  15936 494264    0    0     0     0 14233 5839 2 64 34  0  0  0
 5  0      0 233672  15936 494248    0    0     0     0 14943 5817 2 69 29  0  0  0
 0  0      0 233960  15936 494292    0    0     0     4 15043 5837 2 69 29  0  0  0
13  0      0 232392  15936 494328    0    0     0     0 15409 5806 2 72 26  0  0  0
 0  0      0 234668  15944 494396    0    0     0    16 15011 5631 2 70 28  0  0  0
 5  0      0 234956  15944 494416    0    0     0     0 15094 5752 3 70 27  0  0  0
 0  0      0 234700  15944 494456    0    0     0     0 15394 5726 3 73 24  0  0  0
 0  0      0 235820  15944 494496    0    0     0     0 14110 5802 2 67 31  0  0  0
12  0      0 235244  15944 494536    0    0     0     0 15531 5789 2 75 23  0  0  0
 2  0      0 231284  15952 494604    0    0     0    16 14829 5606 2 69 29  0  0  0
 7  0      0 231692  15952 494684    0    0     0     0 14823 5736 2 70 28  0  0  0
 4  0      0 235628  15952 494684    0    0     0     0 14901 5981 2 67 31  0  0  0
 0  0      0 230980  15952 494692    0    0     0     0 14578 5658 3 66 31  0  0  0
 0  0      0 233568  15952 494764    0    0     0     0 15225 5895 3 72 25  0  0  0
 0  0      0 235296  15960 494796    0    0     0    16 15338 5781 3 71 26  0  0  0
 2  0      0 234744  15960 494812    0    0     0    20 15048 5693 3 71 26  0  0  0
 0  0      0 235480  15960 494848    0    0     0     0 14442 5536 3 69 28  0  0  0
 9  0      0 236196  15960 494888    0    0     0     0 15450 5825 3 70 27  0  0  0
 4  0      0 231492  15960 494928    0    0     0     0 14883 5697 3 69 28  0  0  0
 4  0      0 232392  15968 494996    0    0     0    16 15603 5606 3 74 22  1  0  0
 5  0      0 234756  15968 495008    0    0     0     0 15054 5434 2 73 25  0  0  0
 0  0      0 236736  15968 495084    0    0     0     0 14944 5736 3 70 27  0  0  0
 5  0      0 236768  15968 495084    0    0     0     0 15629 5988 2 70 28  0  0  0
 1  0      0 239192  15968 495124    0    0     0     0 15638 5731 3 72 25  0  0  0
 3  0      0 238232  15976 495188    0    0     0    16 15433 5792 2 72 26  0  0  0
 8  0      0 238036  15976 495204    0    0     0     0 14990 5855 2 70 28  0  0  0
 0  0      0 236288  15976 495244    0    0     0     0 14480 5736 3 67 30  0  0  0
 0  0      0 237952  15976 495316    0    0     0     0 14393 5858 3 66 31  0  0  0
 1  0      0 237964  15976 495320    0    0     0  1220 15459 5814 3 73 24  0  0  0
 4  0      0 238900  15984 495388    0    0     0    36 15105 5885 2 70 28  0  0  0
 4  0      0 237672  15984 495400    0    0     0     0 15480 5823 3 73 24  0  0  0
 0  0      0 234736  15984 495440    0    0     0     0 14849 5725 2 71 27  0  0  0
 0  0      0 236592  15984 495480    0    0     0     0 14807 5957 3 65 32  0  0  0
 2  0      0 237328  15984 495520    0    0     0     0 15049 5847 1 68 31  0  0  0
 4  0      0 237952  15992 495588    0    0     0    28 15140 5727 2 72 26  0  0  0
 0  0      0 238400  15992 495600    0    0     0     0 14809 5764 3 69 28  0  0  0
 9  0      0 236968  15992 495640    0    0     0     0 14163 5560 2 69 29  0  0  0
 6  0      0 237608  15992 495712    0    0     0     0 15705 5705 2 75 23  0  0  0
 7  0      0 238152  15992 495752    0    0     0     0 15948 5662 3 76 21  0  0  0
 9  0      0 237724  16000 495788    0    0     0    16 14958 5598 2 75 22  1  0  0
 5  0      0 236196  16000 495832    0    0     0     0 15192 5693 2 69 29  0  0  0
 3  0      0 237988  16000 495872    0    0     0     0 14215 5772 2 64 34  0  0  0
 4  0      0 238128  16000 495876    0    0     0     0 15085 5841 2 70 28  0  0  0
 4  0      0 239260  16000 495916    0    0     0     0 15818 5908 2 74 24  0  0  0
 0  0      0 238788  16008 495984    0    0     0    16 15448 5631 3 77 20  0  0  0
 4  0      0 237636  16008 495996    0    0     0     0 14974 5742 2 70 28  0  0  0
 0  0      0 236968  16008 496036    0    0     0     0 15092 5720 2 69 29  0  0  0
 2  0      0 235544  16008 496076    0    0     0     0 14251 5471 3 72 25  0  0  0
 0  0      0 235672  16008 496148    0    0     0     0 15408 5686 2 76 22  0  0  0
 8  0      0 239548  16016 496184    0    0     0    16 15764 5902 3 73 24  0  0  0
 1  0      0 239932  16016 496196    0    0     0    24 14249 5729 2 65 33  0  0  0
 0  0      0 233948  16016 496296    0    0     0     0 16055 5774 2 78 20  0  0  0
 6  0      0 233940  16016 496308    0    0     0     0 15402 5839 3 71 26  0  0  0
 1  0      0 233756  16016 496348    0    0     0     0 15303 5627 2 75 23  0  0  0
 0  0      0 233884  16024 496380    0    0     0    16 14832 5609 3 72 24  1  0  0
10  0      0 232892  16024 496392    0    0     0     0 14994 5890 2 73 25  0  0  0
 3  0      0 231196  16024 496432    0    0     0     0 15253 5722 2 73 25  0  0  0
 7  0      0 232016  16024 496472    0    0     0     0 14963 5868 3 70 27  0  0  0
 9  0      0 232152  16024 496512    0    0     0     0 15066 5648 3 70 27  0  0  0
 0  0      0 234520  16032 496580    0    0     0  1252 15616 5851 3 72 25  0  0  0
 6  0      0 234104  16032 496592    0    0     0     4 14437 5744 2 68 30  0  0  0
 6  0      0 235928  16032 496664    0    0     0     0 14546 5706 3 67 30  0  0  0
 6  0      0 233920  16032 496704    0    0     0     0 14092 5751 2 66 32  0  0  0
 0  0      0 234760  16032 496712    0    0     0     4 14523 5576 2 70 28  0  0  0
 6  0      0 234928  16040 496776    0    0     0    16 14576 5597 2 67 30  1  0  0
 5  0      0 234912  16040 496824    0    0     0     0 14830 5789 2 67 31  0  0  0
 3  0      0 232968  16040 496832    0    0     0     0 14976 5762 2 69 29  0  0  0
 3  0      0 234344  16040 496868    0    0     0     0 14740 5762 3 68 29  0  0  0
10  0      0 235592  16040 496908    0    0     0     0 14674 5957 2 67 31  0  0  0
 0  0      0 233960  16048 496976    0    0     0    16 14957 5719 2 69 29  0  0  0
 4  0      0 233404  16048 496992    0    0     0     0 15158 5902 3 69 28  0  0  0
 0  0      0 233596  16048 497028    0    0     0     0 1527  317  0  4 96  0  0  0
 0  0      0 233596  16048 497028    0    0     0     0 1017   67  0  1 99  0  0  0
 0  0      0 233596  16048 497028    0    0     0     0 1009   79  0  1 99  0  0  0
 0  0      0 233596  16048 497028    0    0     0     0 1012   69  0  1 99  0  0  0
 0  0      0 233596  16056 497028    0    0     0    16 1015   72  0  1 97  2  0  0
 0  0      0 233596  16064 497028    0    0     0  2064 1021  104  0  2 97  1  0  0
 0  0      0 233596  16064 497028    0    0     0     0 1016  154  0  1 99  0  0  0
 0  0      0 233596  16064 497028    0    0     0     0 1012   78  0  2 98  0  0  0
