procs -----------memory---------- ---swap-- -----io---- -system-- -------cpu-------
 r  b   swpd   free   buff  cache   si   so    bi    bo   in   cs us sy id wa st gu
 0  0      0 341544  15580 438364    0    0 61704   942 2058   47  2 22 67  9  0  0
 0  0      0 331588  15580 438428    0    0     0     0 11447 4144 2 58 40  0  0  0
 6  0      0 331244  15580 438456    0    0     0     0 10905 4616 2 50 48  0  0  0
 0  0      0 329464  15580 438488    0    0     0     0 11632 4389 1 54 45  0  0  0
 7  0      0 331164  15580 438524    0    0     0     0 11526 4542 2 52 46  0  0  0
 0  0      0 332412  15588 438544    0    0     0    64 11965 4518 2 56 42  0  0  0
 0  0      0 328668  15588 438580    0    0     0     0 11262 4480 1 53 46  0  0  0
 1  0      0 326908  15588 438612    0    0     0     0 11805 4414 2 57 41  0  0  0
11  0      0 328316  15588 438640    0    0     0     0 10916 4600 2 54 44  0  0  0
 0  0      0 329020  15588 438664    0    0     0     0 11389 4383 2 55 43  0  0  0
 0  0      0 327684  15596 438684    0    0     0    24 11642 4344 2 53 45  0  0  0
 5  0      0 326884  15596 438720    0    0     0     0 11509 4526 2 47 51  0  0  0
 0  0      0 328620  15596 438756    0    0     0     0 12157 4385 3 54 43  0  0  0
 0  0      0 327060  15596 438784    0    0     0     0 12270 4453 2 54 44  0  0  0
 1  0      0 327976  15596 438812    0    0     0     0 12060 4394 1 54 45  0  0  0
 1  0      0 329160  15604 438832    0    0     0    16 12835 4405 1 60 38  1  0  0
 3  0      0 327144  15604 438868    0    0     0     0 11817 4369 2 55 43  0  0  0
10  0      0 328304  15604 438900    0    0     0     0 12503 4634 2 56 42  0  0  0
 0  0      0 329680  15604 438928    0    0     0     0 11853 4379 1 54 45  0  0  0
 1  0      0 328948  15604 438956    0    0     0     0 12316 4394 2 57 41  0  0  0
 4  0      0 327508  15612 438980    0    0     0    16 11793 4341 1 54 44  1  0  0
 0  0      0 327060  15612 439016    0    0     0     0 11593 4287 2 53 45  0  0  0
 5  0      0 328372  15612 439048    0    0     0     0 11590 4264 2 56 42  0  0  0
 7  0      0 327028  15612 439076    0    0     0     0 11897 4486 1 56 43  0  0  0
 0  0      0 327900  15612 439104    0    0     0     0 10816 4228 2 50 49  0  0  0
 0  0      0 329180  15620 439128    0    0     0    16 11423 4409 1 53 45  1  0  0
 0  0      0 329988  15620 439164    0    0     0     0 11301 4299 2 49 49  0  0  0
13  0      0 316912  15620 439224    0    0     0   212 12196 4300 2 56 42  0  0  0
 0  0      0 316432  15620 439220    0    0     0  4536 11694 4674 2 52 45  1  0  0
 3  0      0 317200  15620 439252    0    0     0    44 10770 4332 2 59 39  0  0  0
 0  0      0 315184  15632 439272    0    0     0    64 11680 4454 2 54 42  2  0  0
 6  0      0 316112  15632 439312    0    0     0     4 11161 4279 2 49 49  0  0  0
 4  0      0 317328  15632 439340    0    0     0     0 11783 4281 1 52 47  0  0  0
 0  0      0 316688  15632 439372    0    0     0     0 12180 4634 2 54 44  0  0  0
 0  0      0 317816  15632 439396    0    0     0   980 11682 4254 1 52 47  0  0  0
 0  0      0 314872  15640 439420    0    0     0    36 11992 4478 2 55 42  1  0  0
 2  0      0 316812  15640 439460    0    0     0     0 11802 4468 2 51 47  0  0  0
 8  0      0 303340  15640 439488    0    0     0     0 12706 4543 2 59 39  0  0  0
 0  0      0 302656  15640 439520    0    0     0     0 12022 4224 1 58 41  0  0  0
 3  0      0 303904  15640 439548    0    0     0     0 11763 4319 2 53 45  0  0  0
 1  0      0 304608  15648 439568    0    0     0    16 11791 4311 1 54 45  0  0  0
 7  0      0 303968  15648 439604    0    0     0     0 12165 4472 2 54 44  0  0  0
 0  0      0 304256  15648 439632    0    0     0     0 11231 4392 1 51 48  0  0  0
 8  0      0 305056  15648 439664    0    0     0     0 11405 4205 2 53 45  0  0  0
 0  0      0 303880  15648 439692    0    0     0     0 12196 4291 2 56 42  0  0  0
 2  0      0 304628  15656 439720    0    0     0    16 10687 4385 1 47 50  2  0  0
 0  0      0 304660  15656 439756    0    0     0     0 11399 4450 1 51 48  0  0  0
 2  0      0 287540  15656 441844    0    0  2032     0 11787 4380 2 53 45  0  0  0
 2  0      0 287368  15656 441852    0    0     0     0 12069 4491 2 54 44  0  0  0
 4  0      0 285008  15656 441880    0    0     0     0 12352 4381 2 57 41  0  0  0
 0  0      0 283260  15664 441900    0    0     0    16 11552 4274 2 52 44  2  0  0
 0  0      0 287944  15664 441936    0    0     0     0 12428 4283 2 58 40  0  0  0
 0  0      0 289032  15664 441972    0    0     0     0 11753 4367 2 53 45  0  0  0
 1  0      0 290984  15664 442000    0    0     0     0 11655 4281 1 52 47  0  0  0
 0  0      0 292392  15664 442028    0    0     0     0 11552 4384 2 51 47  0  0  0
 6  0      0 293072  15672 442052    0    0     0    16 11774 4309 2 52 46  0  0  0
 0  0      0 293016  15672 442088    0    0     0     0 11304 4138 1 51 48  0  0  0
 5  0      0 293176  15672 442116    0    0     0     0 11880 4463 2 53 45  0  0  0
 4  0      0 292312  15672 442144    0    0     0     0 11721 4372 2 52 46  0  0  0
 4  0      0 290520  15672 442172    0    0     0     0 12580 4518 1 56 43  0  0  0
 2  0      0 291800  15680 442204    0    0     0    20 12362 4446 2 55 43  0  0  0
 6  0      0 292248  15680 442240    0    0     0    56 11551 4336 2 50 48  0  0  0
 1  0      0 291320  15680 442268    0    0     0     8 11571 4439 1 49 49  0  0  0
 6  0      0 291960  15680 442296    0    0     0     0 12093 4378 2 54 44  0  0  0
 5  0      0 292056  15680 442324    0    0     0     0 11873 4351 1 56 43  0  0  0
 4  0      0 293144  15688 442348    0    0     0   928 12291 4357 2 55 41  2  0  0
 0  0      0 288120  15688 442384    0    0     0     0 12539 4458 2 56 42  0  0  0
 0  0      0 289160  15688 442412    0    0     0     0 12006 4251 1 56 43  0  0  0
 0  0      0 286888  15688 444056    0    0  1612     0 11430 4406 2 51 46  1  0  0
 0  0      0 287848  15688 444084    0    0     0     0 11887 4406 1 56 43  0  0  0
 0  0      0 286856  15696 444108    0    0     0    16 11222 4284 1 52 47  0  0  0
 8  0      0 288584  15696 444144    0    0     0     0 11069 4275 2 50 49  0  0  0
 7  0      0 286056  15696 444172    0    0     0     0 11765 4231 1 53 46  0  0  0
 8  0      0 287700  15696 444204    0    0     0     0 11771 4429 1 55 44  0  0  0
 0  0      0 288084  15696 444232    0    0     0     0 11957 4370 2 54 44  0  0  0
 4  0      0 290388  15704 444252    0    0     0    16 11413 4324 2 50 47  1  0  0
 0  0      0 286804  15704 444292    0    0     0     0 11437 4423 2 50 48  0  0  0
 6  0      0 287956  15704 444320    0    0     0     0 11326 4219 1 51 48  0  0  0
 5  0      0 282132  15704 444780    0    0   392     0 11533 4602 2 50 46  2  0  0
 0  0      0 283928  15704 444772    0    0     0     0 11844 4335 2 54 44  0  0  0
 0  0      0 283024  15712 444792    0    0     0    16 11592 4419 1 56 43  0  0  0
 0  0      0 284780  15712 444828    0    0     0     0 11467 4402 3 51 46  0  0  0
 0  0      0 283460  15712 444856    0    0     0     0 12087 4353 1 56 43  0  0  0
 0  0      0 284648  15712 444888    0    0     0     0 12038 4380 2 54 44  0  0  0
 7  0      0 285032  15712 444924    0    0     0     0 11467 4499 1 50 49  0  0  0
 7  0      0 285452  15720 444944    0    0     0    16 11489 4316 1 51 47  1  0  0
 4  0      0 283600  15720 444984    0    0     0     0 12324 4352 3 55 42  0  0  0
 3  0      0 282328  15720 445012    0    0     0     0 12404 4451 1 57 42  0  0  0
 4  0      0 282616  15720 445204    0    0   120     0 11835 4516 2 55 42  1  0  0
 0  0      0 283172  15720 445188    0    0     0     0 11647 4368 2 53 45  0  0  0
 0  0      0 284168  15728 445208    0    0     0    20 11977 4382 1 55 44  0  0  0
 4  0      0 281780  15728 445248    0    0     0     0 11754 4351 1 52 47  0  0  0
 0  0      0 282068  15728 445280    0    0     0     0 11507 4315 3 53 44  0  0  0
 6  0      0 283160  15728 445308    0    0     0     4 11807 4282 1 55 43  1  0  0
 0  0      0 283076  15728 445336    0    0     0     0 11020 4248 3 48 50  0  0  0
 7  0      0 284292  15736 445360    0    0     0   920 11172 4204 2 51 47  0  0  0
 0  0      0 285348  15736 445400    0    0     0    20 11841 4364 1 55 44  0  0  0
 0  0      0 285156  15736 445428    0    0     0     0 11689 4305 2 53 45  0  0  0
 0  0      0 282816  15736 446176    0    0   668     0 11771 4357 2 54 44  0  0  0
 4  0      0 280488  15736 446152    0    0     0     0 12033 4394 1 55 44  0  0  0
 1  0      0 283364  15744 446184    0    0     0    16 12138 4497 2 55 43  0  0  0
 0  0      0 282100  15744 446220    0    0     0     0 11447 4183 1 57 42  0  0  0
 0  0      0 282304  15744 446248    0    0     0     0 11399 4212 2 52 46  0  0  0
 4  0      0 282664  15744 446280    0    0     0     0 10879 4182 2 51 47  0  0  0
 0  0      0 283568  15744 446308    0    0     0     0 11805 4329 2 54 44  0  0  0
 0  0      0 284848  15752 446328    0    0     0    16 11973 4315 2 56 39  3  0  0
 0  0      0 285532  15752 446364    0    0     0     0 11634 4412 1 56 43  0  0  0
 6  0      0 283900  15752 446396    0    0     0     0 11328 4287 3 49 49  0  0  0
 0  0      0 284540  15752 446428    0    0     0     0 10967 4330 1 48 51  0  0  0
 6  0      0 282100  15752 452600    0    0  6144     0 11883 4293 2 54 43  1  0  0
 0  0      0 278644  15760 452620    0    0     0    16 11594 4295 2 54 44  0  0  0
 0  0      0 279796  15760 452656    0    0     0     0 11820 4327 1 52 46  1  0  0
 0  0      0 281076  15760 452684    0    0     0     0 11784 4323 2 52 46  0  0  0
 0  0      0 279808  15760 452716    0    0     0     0 11930 4224 1 56 43  0  0  0
15  0      0 280428  15760 452744    0    0     0     0 11206 4228 2 56 42  0  0  0
 5  0      0 280012  15768 452772    0    0     0    16 11889 4343 2 58 39  1  0  0
 0  0      0 281100  15768 452808    0    0     0     0 10797 4234 2 47 51  0  0  0
10  0      0 280308  15768 452836    0    0     0     0 11706 4270 2 54 44  0  0  0
 0  0      0 280948  15768 452868    0    0     0     0 11645 4538 2 51 47  0  0  0
 0  0      0 277244  15768 453080    0    0   148     0 11245 4274 1 52 45  2  0  0
 0  0      0 279364  15776 453064    0    0     0    20 11745 4374 1 54 45  0  0  0
14  0      0 279976  15776 453104    0    0     0     0 11737 4195 2 53 45  0  0  0
 3  0      0 281112  15776 453132    0    0     0     0 11281 4340 2 56 42  0  0  0
 6  0      0 281112  15776 453164    0    0     0     0 11241 4204 1 54 45  0  0  0
 2  0      0 281016  15776 453192    0    0     0     0 11542 4231 2 51 47  0  0  0
 0  0      0 279768  15784 453212    0    0     0    32 11697 4244 2 51 46  1  0  0
 5  0      0 280056  15784 453252    0    0     0   892 11646 4447 1 53 46  0  0  0
10  0      0 278008  15784 453280    0    0     0     0 11522 4300 2 53 45  0  0  0
 0  0      0 279328  15784 453308    0    0     0     0 11255 4360 2 50 48  0  0  0
 0  0      0 277640  15784 453476    0    0    92     0 10820 4165 2 49 47  2  0  0
 0  0      0 276136  15792 453440    0    0     0    28 11794 4368 2 53 45  0  0  0
 0  0      0 276200  15792 453484    0    0     0    24 11510 4200 1 53 46  0  0  0
 0  0      0 276592  15792 453512    0    0     0     0 11949 4432 2 53 45  0  0  0
10  0      0 275516  15792 453540    0    0     0     0 11622 4342 1 54 45  0  0  0
 0  0      0 274140  15792 453568    0    0     0     0 11879 4411 2 54 44  0  0  0
 0  0      0 276316  15800 453592    0    0     0    16 11232 4256 2 51 46  1  0  0
 0  0      0 276860  15800 453628    0    0     0     0 11208 4343 2 52 46  0  0  0
 0  0      0 275284  15800 453656    0    0     0     0 12153 4438 2 56 42  0  0  0
 0  0      0 276692  15800 453684    0    0     0     0 11289 4481 2 51 47  0  0  0
 0  0      0 272292  15800 461908    0    0  8192     0 11334 4194 1 54 44  1  0  0
 0  0      0 272660  15808 461936    0    0     0    16 11340 4383 3 52 44  1  0  0
 5  0      0 268724  15808 461972    0    0     0     0 12315 4278 1 57 42  0  0  0
 6  0      0 270132  15808 462000    0    0     0     0 11845 4301 2 53 45  0  0  0
 0  0      0 270612  15808 462032    0    0     0     0 12147 4454 1 56 43  0  0  0
 0  0      0 271220  15808 462060    0    0     0     0 11218 4302 1 54 45  0  0  0
 1  0      0 272372  15816 462084    0    0     0    16 11111 4259 2 48 49  2  0  0
 0  0      0 270932  15816 462124    0    0     0     0 12382 4356 2 55 43  0  0  0
 3  0      0 271124  15816 462152    0    0     0     0 11196 4308 2 51 47  0  0  0
 4  0      0 269208  15816 462184    0    0     0     0 12279 4566 1 53 46  0  0  0
 0  0      0 269816  15816 462212    0    0     0     0 11718 4382 1 56 43  0  0  0
 5  0      0 263640  15824 465312    0    0  3080    16 12087 4453 2 53 44  1  0  0
 4  0      0 265508  15824 465348    0    0     0     4 11806 4352 2 55 43  0  0  0
 0  0      0 261316  15824 465376    0    0     0     0 11596 4342 2 53 45  0  0  0
 0  0      0 263076  15824 465408    0    0     0     0 12479 4331 2 57 41  0  0  0
 0  0      0 263908  15824 465444    0    0     0     0 11955 4360 1 54 45  0  0  0
 4  0      0 262852  15832 465464    0    0     0    16 10929 4375 2 48 50  1  0  0
 6  0      0 264132  15832 465504    0    0     0     8 11702 4397 1 52 47  0  0  0
 5  0      0 262596  15832 465532    0    0     0   892 11972 4461 2 55 43  0  0  0
 4  0      0 263428  15832 465560    0    0     0     0 11555 4450 2 51 47  0  0  0
 0  0      0 264644  15832 465588    0    0     0     0 11156 4313 2 48 50  0  0  0
 0  0      0 249380  15840 479200    0    0 13556    36 12263 4453 1 55 43  1  0  0
 0  0      0 247812  15840 479204    0    0     0     0 11819 4408 1 53 46  0  0  0
 0  0      0 250396  15840 479236    0    0     0     0 11289 4295 3 49 47  0  0  0
 0  0      0 248380  15840 479264    0    0     0     0 11047 4181 1 48 51  0  0  0
 0  0      0 249404  15840 479292    0    0     0     0 11158 4248 2 51 47  0  0  0
 1  0      0 250260  15848 479312    0    0     0    16 11607 4396 1 53 46  0  0  0
 4  0      0 249812  15848 479352    0    0     0     0 11462 4456 2 51 47  0  0  0
 0  0      0 249556  15848 479380    0    0     0    20 12072 4443 3 54 43  0  0  0
 1  0      0 250620  15848 479408    0    0     0     0 11564 4487 1 52 47  0  0  0
 2  0      0 249660  15848 479440    0    0     0     0 10933 4222 2 48 50  0  0  0
 0  0      0 245540  15856 480228    0    0   720    16 11450 4425 1 52 46  1  0  0
 0  0      0 248184  15856 480224    0    0     0     0 12091 4293 2 57 41  0  0  0
 4  0      0 248056  15856 480252    0    0     0     0 11522 4382 2 53 45  0  0  0
 0  0      0 248352  15856 480280    0    0     0     0 11648 4374 2 53 45  0  0  0
 4  0      0 248396  15856 480312    0    0     0     0 11483 4354 2 51 47  0  0  0
 0  0      0 249260  15864 480332    0    0     0    16 11833 4402 1 54 43  2  0  0
 2  0      0 246260  15864 480368    0    0     0     0 12596 4519 1 55 43  1  0  0
 0  0      0 247284  15864 480396    0    0     0     0 12418 4422 2 54 44  0  0  0
 4  0      0 249076  15864 480428    0    0     0     0 11841 4671 2 50 48  0  0  0
 4  0      0 249084  15864 480460    0    0     0     0 12024 4459 1 54 45  0  0  0
 3  0      0 247780  15872 484172    0    0  3644    20 11977 4298 2 52 45  1  0  0
 0  0      0 249260  15872 484152    0    0     0     0 11456 4284 2 50 48  0  0  0
 5  0      0 247220  15872 484180    0    0     0     0 12027 4484 2 53 45  0  0  0
 0  0      0 248148  15872 484212    0    0     0     0 11402 4209 1 52 47  0  0  0
 2  0      0 247028  15872 484240    0    0     0     0 11756 4308 2 53 45  0  0  0
 8  1      0 247092  15880 484260    0    0     0    16 11785 4364 1 54 44  1  0  0
 2  0      0 248564  15880 484300    0    0     0     0 11180 4306 2 51 47  0  0  0
 1  0      0 244120  15880 484332    0    0     0   896 11296 4334 2 50 48  0  0  0
 0  0      0 246536  15880 484360    0    0     0     0 12178 4485 2 52 46  0  0  0
 0  0      0 246216  15880 484388    0    0     0     0 12239 4400 1 55 44  0  0  0
 4  1      0 247528  15888 484408    0    0     0    28 11960 4413 2 52 45  1  0  0
 5  0      0 241668  15888 485388    0    0   964     0 11957 4529 2 51 47  0  0  0
 5  0      0 244252  15888 485416    0    0     0     0 11246 4387 1 48 51  0  0  0
 3  0      0 242588  15888 485444    0    0     0     0 11567 4276 2 49 49  0  0  0
 4  0      0 243816  15888 485484    0    0     0     0 12202 4386 1 55 44  0  0  0
 0  1      0 243880  15896 485504    0    0     0    16 11772 4296 1 54 44  1  0  0
 3  0      0 243528  15896 485544    0    0     0     0 11512 4229 2 52 45  1  0  0
 0  0      0 245032  15896 485572    0    0     0     0 11919 4379 1 53 46  0  0  0
 0  0      0 245064  15896 485600    0    0     0     0 11565 4379 2 51 47  0  0  0
 0  0      0 243880  15896 485632    0    0     0     0 11329 4321 1 52 47  0  0  0
 3  1      0 245640  15904 485648    0    0     0    16 11375 4313 2 49 49  0  0  0
 0  0      0 240264  15904 485724    0    0     0    16 11074 4241 2 50 46  2  0  0
 4  0      0 241480  15904 485704    0    0     0     0 12038 4283 1 53 46  0  0  0
 0  0      0 239404  15904 485732    0    0     0     0 12314 4436 2 55 43  0  0  0
 0  0      0 243496  15904 485760    0    0     0     0 11890 4288 2 52 46  0  0  0
 0  0      0 245448  15904 485788    0    0     0     0 11934 4372 2 53 45  0  0  0
 6  0      0 241928  15912 485820    0    0     0    16 11899 4413 1 53 45  1  0  0
 0  0      0 243988  15912 485848    0    0     0     0 11673 4310 2 54 43  1  0  0
 0  0      0 245160  15912 485876    0    0     0     0 12049 4439 2 53 45  0  0  0
 2  0      0 244072  15912 485916    0    0     0     0 12428 4513 1 56 43  0  0  0
 7  0      0 243784  15912 485944    0    0     0     0 11156 4228 1 51 48  0  0  0
 0  0      0 243620  15920 486012    0    0     0    20 10975 4255 1 50 48  1  0  0
 1  0      0 243172  15920 486000    0    0     0     0 10906 4310 3 50 47  0  0  0
 0  0      0 242692  15920 486028    0    0     0     0 11617 4318 1 53 46  0  0  0
 0  0      0 243844  15920 486060    0    0     0     0 12067 4334 2 55 43  0  0  0
 2  0      0 244708  15920 486088    0    0     0     0 11305 4398 2 51 47  0  0  0
 8  0      0 243556  15928 486116    0    0     0    16 11312 4167 2 51 45  2  0  0
 0  0      0 243672  15928 486152    0    0     0     0 11460 4428 1 55 44  0  0  0
 4  0      0 243800  15928 486176    0    0     0   900 11294 4295 2 51 47  0  0  0
 0  0      0 243736  15928 486208    0    0     0     0 10835 4158 3 51 46  0  0  0
 0  0      0 243044  15928 486236    0    0     0     0 11082 4304 1 53 46  0  0  0
 3  0      0 242212  15936 486312    0    0     0    36 11871 4413 2 54 44  0  0  0
11  0      0 241336  15936 486296    0    0     0     0 11461 4232 2 52 46  0  0  0
 2  0      0 242756  15936 486324    0    0     0     0 11335 4212 2 50 48  0  0  0
 5  0      0 240772  15936 486352    0    0     0     0 11300 4199 2 55 43  0  0  0
 5  0      0 242768  15936 486388    0    0     0     0 11504 4383 2 53 45  0  0  0
 0  0      0 243600  15944 486416    0    0     0    16 11637 4232 1 57 41  1  0  0
 4  0      0 244476  15944 486448    0    0     0     0 11165 4403 2 46 52  0  0  0
13  0      0 242920  15944 486476    0    0     0     0 12087 4412 2 54 44  0  0  0
 0  0      0 244296  15944 486504    0    0     0     0 11545 4306 2 51 47  0  0  0
 0  0      0 242772  15944 486532    0    0     0     0 11477 4292 2 55 43  0  0  0
 2  0      0 244244  15952 486564    0    0     0    16 12226 4338 2 54 42  2  0  0
 2  0      0 244888  15952 486576    0    0     0     0 12138 4423 1 53 46  0  0  0
 2  0      0 243000  15952 486604    0    0     0     0 11664 4362 2 52 46  0  0  0
 7  0      0 243448  15952 486632    0    0     0     0 10856 4158 2 49 49  0  0  0
 0  0      0 241688  15952 486660    0    0     0     0 12222 4387 3 54 43  0  0  0
 0  0      0 243096  15960 486692    0    0     0    40 11629 4485 1 58 40  1  0  0
 0  0      0 242328  15960 486720    0    0     0     0 11240 4353 2 52 46  0  0  0
 0  0      0 244248  15960 486748    0    0     0     0 12514 4429 1 58 41  0  0  0
 0  0      0 244376  15960 486780    0    0     0     0 11890 4452 2 55 43  0  0  0
 7  0      0 244536  15960 486808    0    0     0     0 11873 4497 2 53 45  0  0  0
 0  0      0 243832  15968 486836    0    0     0    20 12924 4493 2 59 38  1  0  0
 4  0      0 241444  15968 486900    0    0     0     0 11602 4293 2 52 46  0  0  0
 3  0      0 241828  15968 486880    0    0     0     0 12147 4449 1 57 42  0  0  0
 0  0      0 242348  15968 486912    0    0     0     0 11603 4297 2 53 45  0  0  0
 2  0      0 241420  15968 486940    0    0     0     0 11148 4365 2 48 50  0  0  0
 3  0      0 243372  15976 486968    0    0     0    16 11760 4401 1 53 45  1  0  0
 0  0      0 243604  15976 486996    0    0     0     0 11249 4337 3 48 50  0  0  0
 5  0      0 242612  15976 487024    0    0     0     0 11201 4306 1 49 50  0  0  0
 3  0      0 242388  15976 487056    0    0     0   900 11783 4487 2 49 48  0  0  0
 0  0      0 241460  15976 487084    0    0     0     0 12268 4326 1 55 44  0  0  0
 0  0      0 243772  15984 487112    0    0     0    36 11321 4301 2 50 48  0  0  0
 0  0      0 241596  15984 487144    0    0     0     0 11933 4226 2 53 45  0  0  0
 0  0      0 241916  15984 487168    0    0     0     0 11759 4328 1 55 44  0  0  0
 0  0      0 241392  15984 487200    0    0     0     0 11818 4482 2 52 46  0  0  0
 0  0      0 242620  15984 487228    0    0     0     0 11738 4364 1 50 49  0  0  0
 4  0      0 242332  15992 487256    0    0     0    16 11999 4432 2 52 44  2  0  0
 4  0      0 242876  15992 487288    0    0     0     0 12164 4427 2 54 44  0  0  0
 0  0      0 241064  15992 487312    0    0     0     0 11549 4402 1 54 45  0  0  0
 0  0      0 241544  15992 487344    0    0     0     0 11139 4219 2 52 46  0  0  0
 0  0      0 242568  15992 487372    0    0     0     0 11189 4242 1 54 45  0  0  0
 0  0      0 242184  16000 487400    0    0     0    16 11949 4444 2 54 44  0  0  0
 0  0      0 241416  16000 487432    0    0     0     0 11399 4429 2 50 48  0  0  0
 0  0      0 243048  16000 487460    0    0     0     0 11296 4264 1 51 48  0  0  0
 0  0      0 241288  16000 487488    0    0     0     0 11478 4201 2 52 46  0  0  0
 0  0      0 239024  16000 487516    0    0     0     0 11494 4349 2 54 44  0  0  0
 1  0      0 241096  16008 487544    0    0     0    16 11953 4403 1 55 43  1  0  0
 7  0      0 242568  16008 487576    0    0     0     0 11555 4346 2 52 46  0  0  0
 7  0      0 242664  16008 487604    0    0     0     0 12275 4516 2 57 41  0  0  0
 7  0      0 244328  16008 487632    0    0     0     0 10995 4243 2 51 47  0  0  0
 1  0      0 243272  16008 487660    0    0     0     4 11938 4410 1 53 46  0  0  0
 5  0      0 244008  16016 487692    0    0     0    44 11143 4322 2 51 46  1  0  0
 0  0      0 243880  16016 487720    0    0     0     0 11525 4389 1 53 46  0  0  0
 0  0      0 242472  16016 487748    0    0     0     0 12181 4343 2 57 41  0  0  0
10  0      0 243784  16016 487776    0    0     0     0 11391 4503 2 49 49  0  0  0
 2  0      0 245416  16016 487808    0    0     0     0 10655 4262 2 48 50  0  0  0
 0  0      0 243700  16024 487836    0    0     0    16 11677 4267 1 52 46  1  0  0
 0  0      0 244284  16024 487864    0    0     0     0 11767 4457 3 53 44  0  0  0
 2  0      0 243580  16024 487892    0    0     0     0 11736 4272 1 54 45  0  0  0
 0  0      0 244700  16024 487924    0    0     0     0 11332 4380 2 49 50  0  0  0
 5  0      0 242012  16024 487952    0    0     0     4 11544 4482 1 56 43  0  0  0
 3  0      0 243644  16032 487980    0    0     0    16 11991 4476 2 55 42  1  0  0
 5  0      0 244072  16032 488008    0    0     0   952 10826 4256 1 47 52  0  0  0
 2  0      0 243912  16032 488036    0    0     0     0 12403 4400 2 54 44  0  0  0
 0  0      0 244264  16032 488068    0    0     0     0 12456 4413 2 55 43  0  0  0
 0  0      0 242344  16032 488096    0    0     0     0 12125 4426 2 54 44  0  0  0
 0  0      0 243720  16040 488124    0    0     0    28 11644 4335 2 52 46  0  0  0
 6  0      0 243592  16040 488156    0    0     0     0 11871 4376 2 52 46  0  0  0
 0  0      0 244312  16040 488180    0    0     0     0 10598 4218 2 47 51  0  0  0
 9  0      0 243888  16040 488212    0    0     0     0 12103 4346 2 54 44  0  0  0
 1  0      0 244688  16040 488240    0    0     0     0 11386 4260 2 55 43  0  0  0
 8  0      0 243512  16048 488272    0    0     0    16 12272 4529 2 56 41  1  0  0
 0  0      0 243684  16048 488300    0    0     0     0 1829  481  0  5 95  0  0  0
 0  0      0 243684  16048 488300    0    0     0     0 1017   70  0  1 98  1  0  0
 0  0      0 243684  16048 488300    0    0     0     0 1010   64  0  2 98  0  0  0
 0  0      0 243684  16048 488300    0    0     0     0 1013   59  0  1 99  0  0  0
 0  0      0 243684  16056 488292    0    0     0    16 1014   63  0  1 97  2  0  0
 0  0      0 243684  16064 488292    0    0     0  2064 1026  109  0  2 97  1  0  0
 0  0      0 243684  16064 488300    0    0     0     0 1014  147  0  1 99  0  0  0
 0  0      0 243684  16064 488300    0    0     0     0 1015   82  0  2 98  0  0  0
