procs -----------memory---------- ---swap-- -----io---- -system-- -------cpu-------
 r  b   swpd   free   buff  cache   si   so    bi    bo   in   cs us sy id wa st gu
 0  0      0 335972  15576 446552    0    0 62396   991 2114   47  2 22 68  8  0  0
 6  0      0 326800  15576 446628    0    0     0     0 16221 5496 3 82 15  0  0  0
 7  0      0 327660  15576 446704    0    0     0     0 16066 6306 2 78 20  0  0  0
 4  0      0 326292  15576 446712    0    0     0     0 15005 6169 2 73 25  0  0  0
 0  0      0 327720  15576 446768    0    0     0     0 16204 5908 3 78 19  0  0  0
 2  0      0 326320  15584 446836    0    0     0    64 15935 5921 2 82 15  1  0  0
 8  0      0 323824  15584 446852    0    0     0     0 16297 6435 3 79 18  0  0  0
 6  0      0 324444  15584 446896    0    0     0     0 15903 5903 3 79 18  0  0  0
 7  0      0 319676  15584 446940    0    0     0     0 16435 6243 2 81 17  0  0  0
 4  0      0 322724  15584 446980    0    0     0     0 16107 6322 3 75 22  0  0  0
 8  0      0 325256  15592 447052    0    0     0    24 16983 6032 2 83 15  0  0  0
 5  0      0 322236  15592 447068    0    0     0     0 16118 6133 3 73 24  0  0  0
 5  0      0 322360  15592 447112    0    0     0     0 16177 6107 3 75 22  0  0  0
11  0      0 323952  15592 447156    0    0     0     0 15409 6034 2 79 19  0  0  0
 7  0      0 326456  15592 447200    0    0     0     0 15827 6073 4 71 25  0  0  0
 7  0      0 323464  15600 447280    0    0     0    16 15451 6094 2 74 24  0  0  0
 3  0      0 325096  15600 447292    0    0     0     0 15910 6014 3 74 23  0  0  0
 7  0      0 323068  15600 447336    0    0     0     0 15454 6198 2 74 24  0  0  0
 8  0      0 324348  15600 447380    0    0     0     0 15809 6106 3 76 21  0  0  0
 2  0      0 323436  15600 447424    0    0     0     0 15928 6199 3 76 21  0  0  0
 2  0      0 324996  15608 447496    0    0     0    16 17072 6061 3 80 16  1  0  0
10  0      0 324788  15608 447544    0    0     0     0 16853 6125 3 77 20  0  0  0
 1  0      0 324740  15608 447588    0    0     0     0 16717 5938 2 82 16  0  0  0
 0  0      0 322492  15608 447600    0    0     0     0 15325 6121 3 68 29  0  0  0
 0  0      0 324300  15608 447640    0    0     0     0 15888 5960 2 75 23  0  0  0
 6  0      0 325492  15616 447716    0    0     0    16 15844 6113 2 77 20  1  0  0
13  0      0 326516  15616 447732    0    0     0     0 16160 6122 3 76 21  0  0  0
 0  0      0 317244  15616 447808    0    0     0   208 15587 6042 2 75 23  0  0  0
 5  0      0 318236  15616 447820    0    0     0  4836 16098 6300 3 76 21  0  0  0
 0  0      0 317848  15616 447856    0    0     0    44 15733 6191 3 74 23  0  0  0
 3  0      0 318200  15628 447924    0    0     0    64 16262 6225 3 77 19  1  0  0
 4  0      0 317288  15628 447952    0    0     0     4 16253 5990 2 77 21  0  0  0
 8  0      0 316732  15628 447996    0    0     0     0 16687 6058 2 80 18  0  0  0
 0  0      0 315352  15628 448040    0    0     0     0 16765 6018 3 80 17  0  0  0
 7  0      0 317800  15628 448116    0    0     0  1460 15986 6264 3 74 23  0  0  0
 4  0      0 319428  15636 448152    0    0     0    36 15772 6118 2 73 25  0  0  0
 0  0      0 315288  15636 448176    0    0     0     0 16991 6104 3 80 17  0  0  0
 0  0      0 306792  15636 448260    0    0     0     0 15953 6138 3 74 23  0  0  0
18  0      0 305896  15636 448260    0    0     0     0 16201 6024 2 79 19  0  0  0
 0  0      0 307356  15636 448304    0    0     0     0 16245 5765 3 80 17  0  0  0
 2  0      0 309608  15644 448376    0    0     0    16 16010 6161 3 76 21  0  0  0
 3  0      0 309228  15644 448396    0    0     0     0 15287 6017 2 71 27  0  0  0
10  0      0 309680  15644 448472    0    0     0     0 16513 6146 2 78 20  0  0  0
 4  0      0 308972  15644 448480    0    0     0     0 16536 6071 2 78 20  0  0  0
 0  0      0 310220  15644 448524    0    0     0     0 15595 6046 4 74 22  0  0  0
 6  0      0 307900  15652 448596    0    0     0    16 16583 6068 2 81 17  0  0  0
 4  0      0 309060  15652 448620    0    0     0     0 15775 6077 3 73 24  0  0  0
 5  0      0 292580  15652 448668    0    0     0     0 16103 5868 2 77 21  0  0  0
 3  0      0 293476  15652 448744    0    0     0     0 15661 6314 2 72 26  0  0  0
 5  0      0 293648  15652 448752    0    0     0     0 16018 5834 2 80 18  0  0  0
 8  0      0 291892  15660 448824    0    0     0    16 14799 6242 3 69 27  1  0  0
 2  0      0 292176  15660 448840    0    0     0     0 16259 5859 3 77 20  0  0  0
 3  0      0 291492  15660 448888    0    0     0     0 16018 6258 2 74 24  0  0  0
 0  0      0 292724  15660 448964    0    0     0     0 15711 6206 2 73 25  0  0  0
11  0      0 292580  15660 449008    0    0     0     0 16501 6118 3 78 19  0  0  0
 0  0      0 290092  15668 449048    0    0     0    16 16479 5877 2 79 19  0  0  0
 3  0      0 291796  15668 449060    0    0     0     0 15759 6080 2 75 23  0  0  0
 4  0      0 284856  15668 451164    0    0  2032     0 16231 5999 2 81 17  0  0  0
17  0      0 285232  15668 451220    0    0     0   168 16490 6255 3 81 16  0  0  0
 0  0      0 279296  15668 451264    0    0     0     0 16992 5811 3 85 12  0  0  0
 8  0      0 280960  15676 451304    0    0     0    20 15491 6002 2 75 22  1  0  0
 6  0      0 282816  15676 451352    0    0     0    56 14914 5832 3 72 25  0  0  0
13  0      0 279504  15676 451364    0    0     0     0 15942 5998 3 81 16  0  0  0
 2  0      0 282636  15676 451408    0    0     0     8 16252 5869 2 80 18  0  0  0
 8  0      0 284916  15676 451452    0    0     0     0 15683 6181 2 75 24  0  0  0
 3  0      0 284816  15684 451524    0    0     0  1372 16239 5984 4 74 22  0  0  0
10  0      0 285540  15684 451572    0    0     0     0 16300 6006 2 79 19  0  0  0
17  0      0 280700  15684 451580    0    0     0     0 16432 5944 2 82 16  0  0  0
 4  0      0 281412  15684 451668    0    0     0     0 16091 5919 2 81 17  0  0  0
 2  0      0 283444  15684 451676    0    0     0     0 16460 6090 3 78 19  0  0  0
12  0      0 283776  15692 451748    0    0     0    16 16020 6025 3 73 23  1  0  0
 4  0      0 283816  15692 451764    0    0     0     0 15458 5965 2 76 22  0  0  0
 0  0      0 285628  15692 451840    0    0     0     0 15184 5899 2 73 25  0  0  0
 0  0      0 285768  15692 451856    0    0     0     0 15303 6246 3 68 29  0  0  0
 7  0      0 285812  15692 451932    0    0     0     0 15636 6176 2 73 25  0  0  0
 3  0      0 284600  15700 451968    0    0     0    16 16213 6119 2 77 21  0  0  0
 0  0      0 284596  15700 451984    0    0     0     0 16381 6187 2 80 18  0  0  0
 0  0      0 286012  15700 452028    0    0     0     0 15187 6118 3 71 26  0  0  0
11  0      0 268808  15700 453728    0    0  1612     0 15488 6211 2 75 23  0  0  0
 2  0      0 274196  15700 453732    0    0     0     0 16682 5804 2 83 15  0  0  0
 4  0      0 275624  15708 453800    0    0     0    16 15457 6037 3 74 22  1  0  0
 8  0      0 277240  15708 453816    0    0     0     0 15219 5977 3 70 27  0  0  0
 0  0      0 276636  15708 453860    0    0     0     0 16842 5904 3 82 15  0  0  0
 0  0      0 274156  15708 453904    0    0     0     0 15911 5890 2 77 21  0  0  0
 5  0      0 275128  15708 453956    0    0     0     0 15908 6026 2 77 21  0  0  0
 0  0      0 275712  15716 454024    0    0     0    16 15739 6010 3 75 22  0  0  0
 7  0      0 274732  15716 454076    0    0     0     0 16798 5970 2 82 16  0  0  0
 5  0      0 274444  15716 454120    0    0     0     0 15781 5997 3 75 22  0  0  0
 0  0      0 271324  15716 454692    0    0   512     0 15914 6214 2 76 20  2  0  0
 6  0      0 271204  15716 454688    0    0     0     4 15979 6162 4 77 19  0  0  0
 8  0      0 274632  15724 454756    0    0     0    16 15273 5988 2 74 24  0  0  0
 3  0      0 272876  15724 454808    0    0     0     0 15926 5944 3 80 17  0  0  0
 0  0      0 274740  15724 454820    0    0     0     0 15241 6084 2 70 28  0  0  0
 9  0      0 275796  15724 454896    0    0     0     0 16380 6160 3 78 19  0  0  0
 1  0      0 272468  15724 454948    0    0     0     4 16537 5809 3 84 13  0  0  0
 4  0      0 273820  15732 454984    0    0     0  1352 16931 6080 3 81 16  0  0  0
 6  0      0 272228  15732 455004    0    0     0     8 16614 5793 2 79 19  0  0  0
 8  0      0 274924  15732 455048    0    0     0     0 16232 6176 2 77 21  0  0  0
 7  0      0 272020  15732 455672    0    0   520     0 15858 6138 3 76 21  0  0  0
11  0      0 273340  15732 455688    0    0     0     0 15779 5909 2 75 23  0  0  0
 5  0      0 271204  15740 455728    0    0     0    28 15933 6114 4 76 20  0  0  0
10  0      0 273556  15740 455744    0    0     0     0 15710 5950 2 72 26  0  0  0
 5  0      0 276540  15740 455788    0    0     0     0 15989 5996 2 76 22  0  0  0
 0  0      0 277720  15740 455832    0    0     0     0 15376 6137 2 73 25  0  0  0
 4  0      0 274236  15740 455908    0    0     0     0 15967 5911 3 79 18  0  0  0
 7  0      0 272168  15748 455956    0    0     0    16 15135 5835 2 78 20  0  0  0
 6  0      0 274388  15748 456004    0    0     0     0 16246 5857 3 81 16  0  0  0
 0  0      0 274940  15748 456048    0    0     0     0 14480 5920 2 71 27  0  0  0
 0  0      0 274084  15748 456056    0    0     0     0 15954 6006 3 75 22  0  0  0
 5  0      0 267648  15748 457196    0    0  1064     0 15986 6313 2 73 24  1  0  0
 7  0      0 270572  15756 457240    0    0     0    16 16251 5834 3 82 15  0  0  0
 3  0      0 272088  15756 457256    0    0     0     0 16115 6046 2 77 21  0  0  0
 1  0      0 271648  15756 457332    0    0     0     0 15509 5765 3 78 19  0  0  0
 2  0      0 271920  15756 457376    0    0     0     0 15916 5800 3 81 16  0  0  0
14  0      0 267608  15756 457384    0    0     0     0 14928 5914 3 78 19  0  0  0
 1  0      0 271956  15764 457456    0    0     0    16 16255 6166 3 79 18  0  0  0
 0  0      0 275884  15764 457476    0    0     0     0 15686 6272 3 72 25  0  0  0
 0  0      0 273580  15764 457552    0    0     0     0 14933 6205 2 69 29  0  0  0
 0  0      0 270448  15764 457596    0    0     0     0 15709 6049 3 76 21  0  0  0
 0  0      0 265152  15764 462880    0    0  5228     0 15821 6163 2 79 18  1  0  0
 4  0      0 262304  15772 462904    0    0     0    20 15601 5923 3 74 23  0  0  0
 0  0      0 266660  15772 462928    0    0     0     0 15938 6141 2 74 24  0  0  0
 6  0      0 266544  15772 463004    0    0     0     0 15581 6253 1 73 26  0  0  0
15  0      0 265920  15772 463048    0    0     0     0 16984 6039 3 82 15  0  0  0
 6  0      0 266116  15772 463060    0    0     0     0 16312 5986 2 79 19  0  0  0
 6  0      0 266884  15780 463128    0    0     0    16 15460 5798 3 80 16  1  0  0
 4  0      0 267792  15780 463184    0    0     0  1348 15283 5987 3 73 24  0  0  0
14  0      0 266292  15780 463228    0    0     0     0 15861 6075 2 79 19  0  0  0
 4  0      0 266844  15780 463236    0    0     0     0 15088 6002 3 73 24  0  0  0
 5  0      0 264528  15780 463572    0    0   240     0 15894 6033 3 75 21  1  0  0
 5  0      0 263224  15788 463580    0    0     0    36 15622 6123 2 73 25  0  0  0
 3  0      0 261392  15788 463640    0    0     0    24 16012 5963 3 78 19  0  0  0
 0  0      0 265048  15788 463684    0    0     0     0 15966 6033 2 77 21  0  0  0
 0  0      0 264552  15788 463728    0    0     0     0 15687 6119 2 74 24  0  0  0
 0  0      0 265000  15788 463736    0    0     0     0 15545 6080 3 72 25  0  0  0
20  0      0 259752  15796 463808    0    0     0    16 16180 5960 2 79 19  0  0  0
 0  0      0 264580  15796 463856    0    0     0     0 15400 5978 3 74 24  0  0  0
 2  0      0 267180  15796 463904    0    0     0     0 15769 6216 2 73 24  0  0  0
 3  0      0 260468  15796 463948    0    0     0     0 16017 6146 3 76 21  0  0  0
 0  0      0 263580  15796 464016    0    0     0     0 15780 6286 3 75 22  0  0  0
 1  0      0 259244  15804 464012    0    0     0    16 15089 5877 3 70 26  1  0  0
10  0      0 265388  15804 464060    0    0     0     0 15638 6189 2 73 25  0  0  0
 6  0      0 266292  15804 464080    0    0     0     0 15969 6218 2 74 24  0  0  0
 0  0      0 264692  15804 464124    0    0     0     0 16396 6209 2 76 22  0  0  0
 1  0      0 265404  15804 464200    0    0     0     0 16183 5976 3 76 21  0  0  0
 5  0      0 267056  15812 464240    0    0     0    16 15061 6355 3 70 26  1  0  0
 6  0      0 266548  15812 464292    0    0     0     0 14924 6152 2 71 27  0  0  0
 0  0      0 266644  15812 464340    0    0     0     0 14886 6096 3 68 29  0  0  0
 5  0      0 265940  15812 464348    0    0     0     0 15089 5965 2 77 21  0  0  0
 7  0      0 264488  15812 464424    0    0     0     0 15248 5870 3 77 20  0  0  0
 0  0      0 254536  15820 473988    0    0  9528    20 16112 5813 3 82 14  1  0  0
 4  0      0 256388  15820 474040    0    0     0     0 16047 6043 2 77 21  0  0  0
 5  0      0 256780  15820 474084    0    0     0     0 15835 5927 2 75 23  0  0  0
 4  0      0 256004  15820 474096    0    0     0     0 15786 6221 2 75 23  0  0  0
 0  0      0 256972  15820 474172    0    0     0     0 15263 6164 2 69 29  0  0  0
 3  0      0 256788  15828 474208    0    0     0    16 16297 6155 2 74 23  1  0  0
 3  0      0 256492  15828 474228    0    0     0     0 15146 5904 3 72 25  0  0  0
 2  0      0 257408  15828 474304    0    0     0  1344 15014 5974 3 72 25  0  0  0
 0  0      0 256336  15828 474356    0    0     0     0 15561 5969 2 78 20  0  0  0
19  0      0 257880  15828 474400    0    0     0     0 15583 6211 2 74 24  0  0  0
 2  0      0 241600  15836 482628    0    0  8192    36 15200 5928 3 73 24  0  0  0
10  0      0 235276  15836 482644    0    0     0     0 17212 5869 2 87 11  0  0  0
 3  0      0 240960  15836 482720    0    0     0     0 16508 6091 3 79 18  0  0  0
14  0      0 244944  15836 482764    0    0     0     0 16606 5954 2 81 17  0  0  0
 5  0      0 246984  15836 482812    0    0     0     0 15480 6024 3 72 25  0  0  0
 7  0      0 246144  15844 482848    0    0     0    16 16570 6076 3 80 17  0  0  0
 3  0      0 248096  15844 482864    0    0     0    20 15851 6086 3 75 22  0  0  0
16  0      0 246700  15844 482908    0    0     0     0 15331 6009 2 75 23  0  0  0
 0  0      0 246608  15844 482984    0    0     0     0 16513 6057 3 81 16  0  0  0
 3  0      0 247960  15844 483036    0    0     0     0 15686 6182 2 72 26  0  0  0
 2  0      0 237124  15852 489168    0    0  6084    16 15999 6133 3 76 20  1  0  0
13  0      0 237044  15852 489200    0    0     0     0 16097 6075 3 75 22  0  0  0
 0  0      0 231908  15852 489244    0    0     0     0 15711 5756 2 80 18  0  0  0
 0  0      0 237456  15852 489284    0    0     0     0 16132 5949 3 75 22  0  0  0
 2  0      0 239804  15852 489332    0    0     0     0 16463 6090 2 79 19  0  0  0
 7  0      0 241592  15860 489372    0    0     0    16 15939 6225 1 77 22  0  0  0
 0  0      0 241848  15860 489420    0    0     0     0 15796 5949 3 76 21  0  0  0
 6  0      0 240636  15860 489464    0    0     0     0 15524 5806 3 77 20  0  0  0
 9  0      0 241524  15860 489508    0    0     0     0 15578 6117 2 74 24  0  0  0
10  0      0 242500  15860 489552    0    0     0     0 15340 6081 2 75 23  0  0  0
 0  0      0 237724  15868 489616    0    0     0    20 14784 6103 2 69 28  1  0  0
 4  0      0 235580  15868 489620    0    0     0     0 16370 6013 3 76 21  0  0  0
 7  0      0 236988  15868 489664    0    0     0     0 15557 6087 3 70 27  0  0  0
 5  0      0 239824  15868 489708    0    0     0     0 15872 6141 2 76 22  0  0  0
 3  0      0 237692  15868 489752    0    0     0     0 15522 6092 2 73 25  0  0  0
 4  0      0 238972  15876 489792    0    0     0    16 15899 6160 2 75 22  1  0  0
15  0      0 236168  15876 489840    0    0     0     0 15889 5808 3 80 17  0  0  0
 4  0      0 236476  15876 489884    0    0     0  1336 16408 6053 3 79 18  0  0  0
 1  0      0 238972  15876 489928    0    0     0     4 15649 6055 2 73 25  0  0  0
 1  0      0 240404  15876 489972    0    0     0     0 15902 6099 3 75 22  0  0  0
 4  0      0 240664  15884 490012    0    0     0    28 15846 6002 2 75 22  1  0  0
13  0      0 231240  15884 493656    0    0  3644     0 15001 6139 3 70 27  0  0  0
 0  0      0 233772  15884 493736    0    0     0     0 15843 5955 2 78 20  0  0  0
 0  0      0 234124  15884 493744    0    0     0     0 15918 5878 3 77 20  0  0  0
13  0      0 233232  15884 493824    0    0     0     0 17177 5810 2 87 11  0  0  0
 7  0      0 233536  15892 493860    0    0     0    16 15972 6111 3 76 21  0  0  0
 6  0      0 233544  15892 493920    0    0     0     0 16771 5919 3 83 14  0  0  0
 2  0      0 235432  15892 493964    0    0     0     0 16138 6194 3 76 21  0  0  0
 8  0      0 235752  15892 494008    0    0     0     0 14748 6138 2 68 30  0  0  0
 2  0      0 234736  15892 494016    0    0     0     0 16593 6015 3 78 19  0  0  0
 0  0      0 235120  15900 494084    0    0     0    16 16698 6099 2 83 14  1  0  0
 5  0      0 232592  15900 495104    0    0   964    16 15989 6068 3 76 21  0  0  0
 7  0      0 233164  15900 495148    0    0     0     0 15712 6093 3 76 21  0  0  0
 3  0      0 233372  15900 495192    0    0     0     0 14845 6202 2 68 30  0  0  0
 4  0      0 227828  15900 495236    0    0     0     0 16019 6157 2 78 20  0  0  0
 6  0      0 232956  15908 495268    0    0     0    16 15681 6184 3 74 22  1  0  0
23  0      0 230748  15908 495328    0    0     0     0 14906 5976 3 73 24  0  0  0
 6  0      0 232668  15908 495340    0    0     0     0 15323 6051 2 74 24  0  0  0
 6  0      0 233520  15908 495416    0    0     0     0 15309 6318 2 70 28  0  0  0
13  0      0 231492  15908 495460    0    0     0     4 16441 6172 3 80 17  0  0  0
 2  0      0 233176  15916 495496    0    0     0    16 16484 6144 3 79 18  0  0  0
 9  0      0 226792  15916 497304    0    0  1744     0 15570 6115 2 75 22  1  0  0
 1  0      0 230224  15916 497332    0    0     0     0 15608 6417 2 71 27  0  0  0
 6  0      0 232040  15916 497372    0    0     0     0 16448 6317 3 75 22  0  0  0
 6  0      0 232836  15916 497416    0    0     0     0 15879 6185 3 73 23  0  0  0
 2  0      0 232268  15924 497452    0    0     0    16 15476 6189 2 72 26  0  0  0
10  0      0 229836  15924 497504    0    0     0     0 16226 6034 3 78 19  0  0  0
 8  0      0 229564  15924 497556    0    0     0     0 16851 6149 2 84 14  0  0  0
 3  0      0 228804  15924 497596    0    0     0  1336 16162 6057 3 81 16  0  0  0
 5  0      0 229524  15924 497640    0    0     0     8 16984 5993 2 82 16  0  0  0
14  0      0 231484  15932 497676    0    0     0    36 16040 6341 3 72 25  0  0  0
 5  0      0 227216  15932 497748    0    0     0     0 15915 6072 2 79 19  0  0  0
 5  0      0 229488  15932 497768    0    0     0     0 15393 6152 3 72 25  0  0  0
 5  0      0 228140  15932 497812    0    0     0     0 16128 5917 2 81 17  0  0  0
 0  0      0 228856  15932 497856    0    0     0     0 15657 6102 3 74 23  0  0  0
 1  0      0 228272  15940 497892    0    0     0    16 15530 6157 2 75 22  1  0  0
 4  0      0 228728  15940 497940    0    0     0     0 16143 6220 4 75 21  0  0  0
 5  0      0 230620  15940 497988    0    0     0     0 16039 6051 2 78 20  0  0  0
11  0      0 229444  15940 498032    0    0     0     0 16451 6160 3 78 19  0  0  0
 1  0      0 227332  15940 498076    0    0     0     0 16464 6098 3 78 19  0  0  0
 0  0      0 231836  15948 498112    0    0     0    16 16536 6305 3 79 18  0  0  0
 6  0      0 226872  15948 498192    0    0     0     0 15927 6110 2 76 22  0  0  0
11  0      0 225432  15948 498204    0    0     0     0 16695 6044 3 80 17  0  0  0
 0  0      0 227460  15948 498256    0    0     0     0 15463 6165 2 72 26  0  0  0
10  0      0 230424  15948 498300    0    0     0     0 16158 6288 3 75 23  0  0  0
 5  0      0 229412  15956 498336    0    0     0    16 15743 6199 3 75 21  1  0  0
 7  0      0 228376  15956 498388    0    0     0    20 15481 5971 2 74 24  0  0  0
 6  0      0 228656  15956 498428    0    0     0     0 16214 6169 2 76 22  0  0  0
 6  0      0 229624  15956 498476    0    0     0     0 16161 6154 3 78 19  0  0  0
 1  0      0 229512  15956 498488    0    0     0     0 16120 6276 2 78 20  0  0  0
11  0      0 226580  15964 498556    0    0     0    20 15382 6124 3 73 23  1  0  0
 0  0      0 228876  15964 498608    0    0     0     0 16565 5994 2 83 15  0  0  0
 0  0      0 231528  15964 498652    0    0     0     0 15822 6266 3 76 21  0  0  0
 9  0      0 227048  15964 498692    0    0     0     0 16094 5970 3 81 16  0  0  0
 8  0      0 229792  15964 498700    0    0     0     0 15701 6268 2 73 24  0  0  0
 0  0      0 228976  15972 498768    0    0     0    16 15195 6014 2 72 26  0  0  0
 2  0      0 230256  15972 498820    0    0     0     0 15928 6029 2 77 21  0  0  0
 7  0      0 230624  15972 498864    0    0     0     0 15795 5928 3 80 17  0  0  0
 0  0      0 230472  15972 498908    0    0     0     0 16108 6262 3 77 20  0  0  0
 0  0      0 231008  15972 498952    0    0     0  1336 15928 6151 1 79 20  0  0  0
 0  0      0 230452  15980 498984    0    0     0    36 16304 6005 3 79 17  1  0  0
 7  0      0 230512  15980 499036    0    0     0     0 16313 6046 2 81 17  0  0  0
 5  0      0 227468  15980 499092    0    0     0     0 16905 6261 3 81 16  0  0  0
 1  0      0 229664  15980 499116    0    0     0     0 16166 6046 3 77 20  0  0  0
 0  0      0 229664  15980 499160    0    0     0     0 15847 6280 3 72 25  0  0  0
 9  0      0 228452  15988 499196    0    0     0    24 16525 5971 2 83 15  0  0  0
 0  0      0 225088  15988 499244    0    0     0     0 15598 6173 3 76 21  0  0  0
 3  0      0 228092  15988 499292    0    0     0     0 15346 6001 3 73 23  0  0  0
 0  0      0 229404  15988 499332    0    0     0     0 15599 6352 3 75 23  0  0  0
 7  0      0 227588  15988 499376    0    0     0     0 15688 6003 2 76 22  0  0  0
 6  0      0 226012  15996 499412    0    0     0    16 16122 6198 3 79 18  0  0  0
 3  0      0 228004  15996 499464    0    0     0     0 16627 6030 3 79 18  0  0  0
 0  0      0 227920  15996 499528    0    0     0     0 15542 6318 2 71 27  0  0  0
 0  0      0 227376  15996 499552    0    0     0     0 15016 6190 2 68 30  0  0  0
 3  0      0 224128  15996 499592    0    0     0     0 16703 6018 2 81 17  0  0  0
 0  0      0 228008  16004 499628    0    0     0    16 15628 6259 3 71 25  1  0  0
 1  0      0 227304  16004 499680    0    0     0     0 16671 6125 3 78 19  0  0  0
 2  0      0 229264  16004 499724    0    0     0     0 16212 6128 3 75 22  0  0  0
 8  0      0 224656  16004 499768    0    0     0     0 16678 6005 3 80 17  0  0  0
10  0      0 222452  16004 499808    0    0     0     4 16381 6106 2 79 19  0  0  0
 4  0      0 229164  16012 499844    0    0     0    16 15603 6090 2 75 23  0  0  0
 0  0      0 230636  16012 499896    0    0     0    24 16198 6359 2 76 22  0  0  0
12  0      0 226860  16012 499940    0    0     0     0 16383 6022 3 78 19  0  0  0
 4  0      0 229468  16012 499984    0    0     0     0 15408 6208 2 72 26  0  0  0
13  0      0 230852  16012 500024    0    0     0     0 16462 6247 3 78 19  0  0  0
 4  0      0 231108  16020 500060    0    0     0    16 16217 6265 2 77 21  0  0  0
 3  0      0 233660  16020 500116    0    0     0     0 15917 6168 2 76 22  0  0  0
 5  0      0 230744  16020 500156    0    0     0     0 15638 6037 3 73 24  0  0  0
 3  0      0 231200  16020 500200    0    0     0     0 15607 6397 2 71 27  0  0  0
 2  0      0 232676  16020 500244    0    0     0     0 15954 6244 3 75 22  0  0  0
10  0      0 231496  16028 500280    0    0     0  1364 15673 6078 2 76 20  2  0  0
 0  0      0 229008  16028 500332    0    0     0     4 15723 5907 2 80 18  0  0  0
 4  0      0 229928  16028 500372    0    0     0     0 15232 6083 3 73 24  0  0  0
11  0      0 230840  16028 500416    0    0     0     0 15779 6022 2 75 23  0  0  0
 6  0      0 230088  16028 500460    0    0     0     0 16461 6259 3 77 20  0  0  0
 1  0      0 231936  16036 500496    0    0     0    16 15874 6063 3 72 25  0  0  0
 0  0      0 231888  16036 500548    0    0     0     0 15905 6186 2 78 20  0  0  0
 2  0      0 230808  16036 500592    0    0     0     0 16145 6166 2 78 20  0  0  0
 4  0      0 232928  16036 500632    0    0     0     0 15336 6351 3 69 28  0  0  0
 3  0      0 231016  16036 500676    0    0     0     0 16018 6062 3 75 22  0  0  0
 8  0      0 231072  16044 500712    0    0     0    16 16146 6071 3 77 20  0  0  0
 6  0      0 233232  16044 500768    0    0     0     0 15994 6430 2 75 23  0  0  0
 0  0      0 233008  16044 500772    0    0     0     0 1561  252  0  4 96  0  0  0
 0  0      0 233008  16044 500772    0    0     0     0 1015   82  0  1 99  0  0  0
 0  0      0 233008  16044 500772    0    0     0     0 1008   66  0  2 98  0  0  0
 0  0      0 233008  16044 500772    0    0     0     0 1013   61  0  1 99  0  0  0
 0  0      0 233008  16052 500772    0    0     0    16 1013   72  0  1 97  2  0  0
 0  0      0 233008  16060 500764    0    0     0  2064 1021   99  0  2 97  1  0  0
 0  0      0 233008  16060 500772    0    0     0     0 1013  165  1  1 98  0  0  0
 0  0      0 233008  16060 500772    0    0     0     0 1013   79  0  2 98  0  0  0
