procs -----------memory---------- ---swap-- -----io---- -system-- -------cpu-------
 r  b   swpd   free   buff  cache   si   so    bi    bo   in   cs us sy id wa st gu
23  0      0 320548  15588 444772    0    0 47884   752 4830   48  2 35 57  6  0  0
 3  0      0 322744  15588 444788    0    0     0     0 15128 5659 3 72 25  0  0  0
 0  0      0 324832  15588 444828    0    0     0     0 16028 5716 2 78 20  0  0  0
 0  0      0 325072  15588 444864    0    0     0     0 14774 5543 3 73 24  0  0  0
 5  0      0 322512  15588 444904    0    0     0     0 15259 5890 1 75 24  0  0  0
 4  0      0 325536  15596 444940    0    0     0    64 14822 5572 2 70 28  0  0  0
 0  0      0 325024  15596 444992    0    0     0     0 14015 5935 3 68 29  0  0  0
 0  0      0 324040  15596 445028    0    0     0     0 14736 5714 2 71 27  0  0  0
12  0      0 325236  15596 445068    0    0     0     0 13823 5518 2 67 31  0  0  0
 3  0      0 326100  15596 445108    0    0     0     0 14991 5862 3 71 26  0  0  0
 8  0      0 322340  15604 445176    0    0     0    24 15752 5477 2 82 15  1  0  0
 0  0      0 323952  15604 445188    0    0     0     0 14323 5692 2 67 31  0  0  0
 4  0      0 321520  15604 445232    0    0     0     0 16335 5578 2 85 13  0  0  0
 4  0      0 323800  15604 445272    0    0     0     0 14726 5640 3 67 30  0  0  0
 0  0      0 324464  15604 445312    0    0     0     0 13896 5434 2 69 29  0  0  0
 9  0      0 324592  15612 445344    0    0     0    16 15017 5579 2 73 25  0  0  0
 6  0      0 324160  15612 445388    0    0     0     0 14819 5381 3 74 23  0  0  0
 8  0      0 318260  15612 445428    0    0     0     0 15116 5450 2 73 25  0  0  0
 0  0      0 319828  15612 445476    0    0     0     0 14215 5679 2 64 34  0  0  0
 6  0      0 321992  15612 445516    0    0     0     0 14393 5650 2 66 32  0  0  0
 4  0      0 323464  15620 445584    0    0     0    16 14540 5733 2 65 33  0  0  0
 5  0      0 324352  15620 445596    0    0     0     0 13787 5571 2 62 36  0  0  0
 4  0      0 323768  15620 445636    0    0     0     0 14548 5708 2 66 32  0  0  0
 9  0      0 324580  15620 445680    0    0     0     0 15223 5817 3 69 28  0  0  0
19  0      0 319924  15620 445720    0    0     0     0 15446 5383 2 75 23  0  0  0
 0  0      0 308572  15628 445784    0    0     0   224 15598 5658 2 76 22  0  0  0
 0  0      0 310428  15628 445800    0    0     0  4696 15607 5831 2 72 26  0  0  0
 9  0      0 310244  15628 445832    0    0     0    44 14345 5759 2 69 29  0  0  0
 5  0      0 312656  15628 445876    0    0     0     0 15472 5630 3 74 24  0  0  0
 8  0      0 312080  15628 445924    0    0     0     0 15370 5632 2 74 24  0  0  0
 0  0      0 311400  15640 445984    0    0     0    64 14887 5629 2 69 28  1  0  0
 3  0      0 311920  15640 446000    0    0     0     4 15251 5528 3 70 27  0  0  0
 0  0      0 313520  15640 446040    0    0     0  1340 15728 5703 3 73 24  0  0  0
 8  0      0 312444  15640 446080    0    0     0     0 15256 5684 2 71 27  0  0  0
 2  0      0 312848  15640 446120    0    0     0     0 14872 5519 2 70 28  0  0  0
 0  0      0 301440  15648 446192    0    0     0    40 14806 5642 2 67 30  1  0  0
 6  0      0 301248  15648 446204    0    0     0     0 15067 5913 2 69 29  0  0  0
 2  0      0 300296  15648 446244    0    0     0     0 15257 5569 3 71 26  0  0  0
 6  0      0 299316  15648 446284    0    0     0     0 14249 5551 2 65 33  0  0  0
 0  0      0 300316  15648 446324    0    0     0     0 15000 5509 3 69 28  0  0  0
 0  0      0 300932  15656 446388    0    0     0    16 14913 5522 2 72 26  0  0  0
 6  0      0 300140  15656 446404    0    0     0     0 14316 5720 3 65 32  0  0  0
 2  0      0 300732  15656 446448    0    0     0     0 14174 5778 2 67 31  0  0  0
12  0      0 296796  15656 446484    0    0     0     0 14446 5495 2 70 28  0  0  0
 4  0      0 299324  15656 446524    0    0     0     0 15632 5601 2 76 22  0  0  0
 5  0      0 285804  15664 446592    0    0     0    16 16153 5823 2 75 23  0  0  0
11  0      0 285100  15664 446612    0    0     0     0 14980 5674 3 67 30  0  0  0
 0  0      0 283592  15664 446656    0    0     0     0 14624 5624 2 69 29  0  0  0
 9  0      0 285360  15664 446696    0    0     0     0 14563 5522 2 68 30  0  0  0
 0  0      0 285232  15664 446736    0    0     0     0 14874 5580 3 68 29  0  0  0
 5  0      0 284632  15672 446804    0    0     0    16 14847 5863 2 67 31  0  0  0
 7  0      0 285672  15672 446816    0    0     0     0 14581 5667 2 69 29  0  0  0
 1  0      0 283208  15672 446860    0    0     0     0 15157 5733 2 70 28  0  0  0
 5  0      0 281624  15672 446900    0    0     0     0 14703 5711 2 70 28  0  0  0
 5  0      0 283116  15672 446936    0    0     0     0 15089 5492 2 73 25  0  0  0
 2  0      0 283776  15680 447004    0    0     0    16 15449 5676 3 72 23  2  0  0
 4  0      0 285936  15680 449048    0    0  2032     0 15413 5829 2 72 26  0  0  0
 7  0      0 285856  15680 449088    0    0     0   228 14640 5782 3 64 33  0  0  0
13  0      0 279944  15680 449136    0    0     0     0 15057 5732 2 71 27  0  0  0
 4  0      0 281500  15680 449176    0    0     0     0 14633 5650 2 68 30  0  0  0
 2  0      0 282556  15688 449244    0    0     0    16 14433 5676 2 69 29  0  0  0
 2  0      0 284796  15688 449256    0    0     0     0 14946 5694 2 68 30  0  0  0
 2  0      0 285804  15688 449296    0    0     0     8 15367 5762 2 74 24  0  0  0
 0  0      0 283872  15688 449336    0    0     0  1228 14642 5506 3 69 28  0  0  0
 1  0      0 283728  15688 449376    0    0     0     0 14127 5434 3 68 29  0  0  0
12  0      0 285224  15696 449412    0    0     0    36 14587 5860 2 64 33  1  0  0
 7  0      0 277200  15696 451072    0    0  1612     0 15217 5729 2 70 28  0  0  0
 3  0      0 276476  15696 451108    0    0     0     0 14604 5489 2 66 32  0  0  0
 0  0      0 275460  15696 451148    0    0     0     0 14791 5619 2 71 27  0  0  0
 0  0      0 277140  15696 451192    0    0     0     0 13801 5567 2 69 29  0  0  0
 3  0      0 276576  15704 451264    0    0     0    16 14967 5781 2 69 28  1  0  0
 4  0      0 274452  15704 451276    0    0     0     0 15462 5563 3 73 24  0  0  0
 3  0      0 275848  15704 451316    0    0     0     0 14795 5395 2 75 23  0  0  0
10  0      0 276888  15704 451356    0    0     0     0 14311 5448 2 71 27  0  0  0
 1  0      0 275624  15704 451396    0    0     0     0 16135 5658 2 78 20  0  0  0
 0  0      0 277044  15712 451468    0    0     0    16 14169 5726 2 66 31  1  0  0
 9  0      0 275768  15712 451912    0    0   392     0 14180 5884 3 63 34  0  0  0
 6  0      0 274504  15712 451912    0    0     0     0 15401 5789 2 70 28  0  0  0
 5  0      0 273336  15712 451952    0    0     0     0 14160 5705 1 65 34  0  0  0
 0  0      0 272964  15712 451992    0    0     0     0 14558 5587 2 67 31  0  0  0
10  0      0 273900  15720 452056    0    0     0    16 14921 5501 3 73 23  1  0  0
 0  0      0 276020  15720 452072    0    0     0     0 15043 5692 2 69 29  0  0  0
 0  0      0 276556  15720 452112    0    0     0     0 14957 5671 2 68 30  0  0  0
 0  0      0 275580  15720 452152    0    0     0     0 15416 5546 2 73 25  0  0  0
 0  0      0 274628  15720 452192    0    0     0     0 14609 5485 3 71 26  0  0  0
 6  0      0 276268  15728 452260    0    0     0    16 15064 5563 2 71 25  2  0  0
 3  0      0 267804  15728 452444    0    0   120     0 15225 5613 3 77 20  0  0  0
 4  0      0 276140  15728 452440    0    0     0     0 15037 5662 2 67 31  0  0  0
 0  0      0 277920  15728 452476    0    0     0     0 15041 5755 3 68 29  0  0  0
 0  0      0 277096  15728 452520    0    0     0     0 14691 5770 1 67 32  0  0  0
 4  0      0 278384  15736 452588    0    0     0    16 14184 5448 2 66 31  1  0  0
 5  0      0 275824  15736 452596    0    0     0    20 15211 5408 3 73 24  0  0  0
 5  0      0 278056  15736 452640    0    0     0     0 15363 5503 3 71 26  0  0  0
 0  0      0 275732  15736 452684    0    0     0  1224 14955 5414 2 73 24  0  0  0
10  0      0 277788  15736 452720    0    0     0     0 14861 5520 2 71 27  0  0  0
13  0      0 277132  15744 452788    0    0     0    32 14892 5566 3 70 27  0  0  0
 5  0      0 272224  15744 453532    0    0   668     0 15183 5635 2 73 25  0  0  0
16  0      0 270280  15744 453512    0    0     0     0 15500 5528 3 74 23  0  0  0
 0  0      0 273448  15744 453552    0    0     0     0 14454 5514 2 68 30  0  0  0
 6  0      0 269728  15744 453600    0    0     0     0 15045 5606 2 72 26  0  0  0
 5  0      0 272316  15752 453668    0    0     0    16 14669 5562 3 67 30  0  0  0
 1  0      0 271960  15752 453680    0    0     0     0 14749 5568 2 70 28  0  0  0
 1  0      0 276808  15752 453720    0    0     0     0 14936 5544 3 69 28  0  0  0
 2  0      0 276360  15752 453760    0    0     0     0 14136 5556 2 66 32  0  0  0
12  0      0 276704  15752 453800    0    0     0     0 14938 5716 3 67 30  0  0  0
 4  0      0 278272  15760 453868    0    0     0    16 15284 5670 2 71 27  0  0  0
 3  0      0 276844  15760 453884    0    0     0     0 14865 5560 3 70 27  0  0  0
 5  0      0 271952  15760 454868    0    0   916     0 14875 5807 2 69 29  0  0  0
 2  0      0 272252  15760 454876    0    0     0     0 15640 5718 3 72 25  0  0  0
 6  0      0 274692  15760 454916    0    0     0     0 14643 5721 2 68 30  0  0  0
 0  0      0 273396  15768 454992    0    0     0    16 14671 5707 3 70 26  1  0  0
 8  0      0 271788  15768 455004    0    0     0     0 15007 5632 2 71 27  0  0  0
 0  0      0 273448  15768 455044    0    0     0     0 14674 5549 3 72 25  0  0  0
 6  0      0 270592  15768 455084    0    0     0     0 15296 5663 3 71 26  0  0  0
12  0      0 273540  15768 455124    0    0     0     0 14501 5551 1 66 33  0  0  0
 3  0      0 274516  15776 455192    0    0     0    16 14586 5603 2 66 30  2  0  0
 9  0      0 273664  15776 455208    0    0     0     0 14280 5731 3 67 30  0  0  0
 0  0      0 263732  15776 460660    0    0  5376     0 15008 5711 2 68 30  0  0  0
 3  0      0 268532  15776 460660    0    0     0     0 14538 5587 2 70 28  0  0  0
 6  0      0 266492  15776 460704    0    0     0     0 15105 5561 2 73 25  0  0  0
 0  0      0 268148  15784 460768    0    0     0    16 15061 5730 2 68 30  0  0  0
 0  0      0 268340  15784 460780    0    0     0     0 14870 5599 3 66 31  0  0  0
 3  0      0 267016  15784 460824    0    0     0     0 14955 5565 2 71 27  0  0  0
 7  0      0 267952  15784 460864    0    0     0     4 15445 5573 3 71 26  0  0  0
 9  0      0 265392  15784 460904    0    0     0  1232 15165 5603 2 72 26  0  0  0
 0  0      0 266928  15792 460972    0    0     0    36 14943 5649 3 68 29  0  0  0
 0  0      0 268328  15792 460984    0    0     0    24 15158 5745 2 71 27  0  0  0
 2  0      0 267496  15792 461164    0    0    92     0 14718 5580 2 70 28  0  0  0
 4  0      0 268356  15792 461136    0    0     0     0 15181 5572 3 70 27  0  0  0
 9  0      0 266732  15792 461180    0    0     0     0 14175 5526 2 70 28  0  0  0
 0  0      0 267700  15800 461248    0    0     0    16 14432 5421 3 71 26  0  0  0
 5  0      0 266380  15800 461256    0    0     0     0 14601 5637 3 68 29  0  0  0
 0  0      0 269168  15800 461296    0    0     0     0 15138 5505 3 70 27  0  0  0
15  0      0 268444  15800 461344    0    0     0     0 14571 5583 2 67 31  0  0  0
 0  0      0 268652  15800 461380    0    0     0     0 14596 5678 2 69 29  0  0  0
 5  0      0 268892  15808 461448    0    0     0    16 14448 5649 2 66 31  1  0  0
 0  0      0 266672  15808 461460    0    0     0     0 14557 5484 3 68 29  0  0  0
 0  0      0 265208  15808 469752    0    0  8192     0 15230 5641 3 70 26  1  0  0
 0  0      0 264208  15808 469724    0    0     0     0 14926 5579 2 70 28  0  0  0
 0  0      0 265080  15808 469772    0    0     0     0 14988 5612 2 71 27  0  0  0
13  0      0 265536  15816 469840    0    0     0    16 14514 5533 3 67 29  1  0  0
14  0      0 262548  15816 469852    0    0     0     0 15412 5557 3 72 25  0  0  0
13  0      0 265500  15816 469888    0    0     0     0 14442 5615 2 68 30  0  0  0
 5  0      0 265068  15816 469932    0    0     0     0 14641 5641 3 67 30  0  0  0
 6  0      0 266664  15816 469968    0    0     0     0 15044 5550 2 69 29  0  0  0
 7  0      0 266088  15824 470044    0    0     0    16 15005 5525 2 70 28  0  0  0
 7  0      0 263152  15824 470056    0    0     0     0 14552 5497 3 67 30  0  0  0
 0  0      0 264348  15824 470096    0    0     0     0 14602 5894 1 67 32  0  0  0
 0  0      0 253348  15824 473216    0    0  3080     0 15495 5556 2 73 24  1  0  0
 4  0      0 252048  15824 473256    0    0     0     0 14424 5458 3 72 25  0  0  0
 0  0      0 256212  15832 473324    0    0     0    16 14830 5635 3 68 28  1  0  0
 0  0      0 256132  15832 473344    0    0     0     0 15663 5528 2 76 22  0  0  0
 0  0      0 257324  15832 473380    0    0     0     0 15058 5649 2 69 29  0  0  0
 7  0      0 257868  15832 473424    0    0     0     0 14259 5594 3 66 31  0  0  0
 3  0      0 257980  15832 473464    0    0     0     0 14305 5688 3 66 31  0  0  0
 0  0      0 257732  15840 473528    0    0     0  1264 14144 5618 3 65 32  0  0  0
 0  0      0 258556  15840 473548    0    0     0     0 15188 5823 1 70 29  0  0  0
 4  0      0 256760  15840 473588    0    0     0     0 15669 5517 3 75 22  0  0  0
 2  0      0 242284  15840 487220    0    0 13556     0 15074 5820 3 70 26  1  0  0
 6  0      0 244368  15840 487204    0    0     0     0 14484 5589 2 71 27  0  0  0
14  0      0 243216  15848 487272    0    0     0    24 14831 5462 3 72 25  0  0  0
 0  0      0 244096  15848 487284    0    0     0    24 15466 5841 2 69 29  0  0  0
 6  0      0 240528  15848 487328    0    0     0     0 14850 5598 2 70 28  0  0  0
11  0      0 242048  15848 487368    0    0     0     0 14889 5508 2 70 28  0  0  0
 0  0      0 242656  15848 487408    0    0     0     0 13940 5328 3 70 27  0  0  0
 7  0      0 244008  15856 487476    0    0     0    16 14442 5402 3 72 24  1  0  0
 0  0      0 243520  15856 487484    0    0     0     0 15281 5593 2 74 24  0  0  0
 2  0      0 245040  15856 487528    0    0     0     0 13862 5606 2 65 33  0  0  0
 7  0      0 238672  15856 488344    0    0   720     0 14447 5556 3 68 28  1  0  0
 0  0      0 239536  15856 488332    0    0     0     0 15237 5771 2 67 31  0  0  0
 0  0      0 239200  15864 488404    0    0     0    16 13959 5686 2 62 35  1  0  0
 0  0      0 238636  15864 488412    0    0     0     0 15052 5622 1 71 28  0  0  0
13  0      0 241236  15864 488452    0    0     0     0 14500 5454 3 66 31  0  0  0
 8  0      0 240456  15864 488492    0    0     0     0 15191 5529 3 73 24  0  0  0
 0  0      0 236640  15864 488536    0    0     0     0 15489 5550 2 75 23  0  0  0
 0  0      0 241912  15872 488604    0    0     0    16 15532 5780 2 74 23  1  0  0
 0  0      0 242108  15872 488616    0    0     0     0 14699 5679 3 65 32  0  0  0
 1  0      0 241860  15872 488656    0    0     0     0 15052 5723 2 71 27  0  0  0
 8  0      0 236644  15872 488752    0    0     0     0 14745 5709 2 70 28  0  0  0
 4  0      0 235980  15872 488708    0    0     0     0 14860 5491 2 70 28  0  0  0
 2  0      0 241140  15880 488788    0    0     0    16 14966 5658 3 70 27  0  0  0
 5  0      0 240260  15880 488800    0    0     0     0 15247 5657 1 71 28  0  0  0
 3  0      0 241252  15880 488836    0    0     0     4 14469 5725 3 66 31  0  0  0
 3  0      0 236240  15880 488876    0    0     0     0 15357 5783 1 76 23  0  0  0
11  0      0 240664  15880 488916    0    0     0     0 14488 5431 2 68 30  0  0  0
 2  0      0 237748  15888 488984    0    0     0    16 15111 5555 3 72 25  0  0  0
 1  0      0 241216  15888 489000    0    0     0  1224 15400 5667 3 75 22  0  0  0
 0  0      0 242552  15888 489040    0    0     0     4 13816 5505 3 65 32  0  0  0
 0  0      0 239484  15888 489080    0    0     0     0 15485 5556 2 73 25  0  0  0
 3  0      0 235212  15888 493728    0    0  4608     0 14392 5578 2 68 29  1  0  0
 8  0      0 230560  15896 493796    0    0     0    28 15257 5740 2 73 25  0  0  0
 2  0      0 234640  15896 493816    0    0     0     0 15046 5834 3 69 28  0  0  0
12  0      0 236480  15896 493852    0    0     0     0 15072 5601 1 70 29  0  0  0
 0  0      0 237792  15896 493892    0    0     0     0 14524 5599 2 66 32  0  0  0
 2  0      0 234832  15896 493940    0    0     0     0 14926 5473 2 70 28  0  0  0
 0  0      0 236480  15904 494004    0    0     0    16 15214 5620 2 73 25  0  0  0
 5  0      0 238928  15904 494016    0    0     0    12 15176 5776 3 70 27  0  0  0
 2  0      0 239920  15904 494064    0    0     0     0 14671 5520 2 68 30  0  0  0
 2  0      0 238976  15904 494100    0    0     0     0 14564 5779 3 66 31  0  0  0
 3  0      0 236320  15904 494176    0    0     0     0 14237 5794 2 66 32  0  0  0
 7  0      0 233744  15912 494200    0    0     0    16 15328 5868 2 71 26  1  0  0
 4  0      0 235776  15912 494212    0    0     0     0 14283 5635 2 67 31  0  0  0
 0  0      0 233152  15912 494252    0    0     0     0 14961 5400 2 70 28  0  0  0
 6  0      0 235072  15912 494292    0    0     0     0 14298 5514 3 71 26  0  0  0
 0  0      0 235324  15912 494336    0    0     0     0 14486 5725 2 67 31  0  0  0
 0  0      0 234240  15920 494404    0    0     0    16 15385 5478 3 79 17  1  0  0
 8  0      0 235432  15920 494412    0    0     0     0 14876 5592 3 72 25  0  0  0
 0  0      0 235984  15920 494456    0    0     0     0 15049 5557 2 71 27  0  0  0
11  0      0 233928  15920 494492    0    0     0     0 15377 5732 2 72 26  0  0  0
16  0      0 233528  15920 494588    0    0     0     0 15553 5675 2 73 25  0  0  0
 0  0      0 232696  15928 494608    0    0     0    16 15094 5565 3 74 24  0  0  0
 5  0      0 232000  15928 494620    0    0     0     0 14146 5501 2 66 32  0  0  0
 4  0      0 231604  15928 494660    0    0     0     0 14512 5602 3 68 29  0  0  0
 6  0      0 234588  15928 494700    0    0     0     0 13921 5607 2 68 30  0  0  0
 6  0      0 236252  15928 494740    0    0     0     0 14645 5491 2 67 31  0  0  0
 0  0      0 230944  15936 494812    0    0     0    20 14857 5501 3 70 27  0  0  0
 3  0      0 234792  15936 494820    0    0     0  1224 15039 5626 2 71 27  0  0  0
 9  0      0 236380  15936 494860    0    0     0     0 15198 5526 3 72 25  0  0  0
 0  0      0 235404  15936 494904    0    0     0     8 14813 5586 2 71 27  0  0  0
 6  0      0 230460  15936 494996    0    0     0     0 14783 5488 2 70 28  0  0  0
 0  0      0 231692  15944 495008    0    0     0    36 15422 5846 2 70 27  1  0  0
 7  0      0 233568  15944 495032    0    0     0     0 14754 5768 2 69 29  0  0  0
 7  0      0 231244  15944 495068    0    0     0     0 14500 5539 3 66 31  0  0  0
 0  0      0 233408  15944 495108    0    0     0     0 14316 5610 2 67 31  0  0  0
 0  0      0 234544  15944 495148    0    0     0     0 14736 5515 2 68 30  0  0  0
 4  0      0 231964  15952 495216    0    0     0    16 15067 5605 2 73 25  0  0  0
 0  0      0 234200  15952 495232    0    0     0     0 14698 5651 3 68 29  0  0  0
 1  0      0 232600  15952 495272    0    0     0     0 14659 5680 3 65 32  0  0  0
13  0      0 232544  15952 495312    0    0     0     0 14967 5543 3 71 26  0  0  0
 0  0      0 233328  15952 495352    0    0     0     0 14739 5600 2 68 30  0  0  0
 5  0      0 234160  15960 495416    0    0     0    16 14786 5785 2 68 28  2  0  0
14  0      0 234004  15960 495432    0    0     0    24 14181 5702 2 64 34  0  0  0
 3  0      0 232052  15960 495468    0    0     0     0 14896 5628 1 72 27  0  0  0
 4  0      0 233896  15960 495508    0    0     0     0 14415 5423 3 67 30  0  0  0
 0  0      0 233736  15960 495548    0    0     0     0 14562 5671 2 68 30  0  0  0
 2  0      0 232020  15968 495616    0    0     0    16 14915 5687 2 69 29  0  0  0
 3  0      0 233848  15968 495628    0    0     0     0 14257 5645 3 69 28  0  0  0
 0  0      0 233884  15968 495668    0    0     0     0 15797 5708 3 74 23  0  0  0
 0  0      0 231932  15968 495708    0    0     0     0 13827 5677 1 63 36  0  0  0
 0  0      0 233964  15968 495748    0    0     0     0 14836 5653 3 68 29  0  0  0
 9  0      0 232700  15976 495812    0    0     0    16 15071 5809 1 73 26  0  0  0
 9  0      0 232368  15976 495820    0    0     0     0 14907 5537 2 70 28  0  0  0
 3  0      0 230428  15976 495864    0    0     0     4 14934 5464 2 70 28  0  0  0
 1  0      0 233868  15976 495900    0    0     0     0 14886 5818 2 66 32  0  0  0
 0  0      0 231732  15976 495944    0    0     0     0 15067 5893 3 68 29  0  0  0
 5  0      0 233848  15984 496012    0    0     0    16 14543 5753 2 66 32  0  0  0
 0  0      0 231896  15984 496020    0    0     0     0 15269 5737 1 73 26  0  0  0
10  0      0 232640  15984 496060    0    0     0  1220 15198 5746 3 70 27  0  0  0
 0  0      0 231116  15984 496100    0    0     0     0 16038 5496 2 78 20  0  0  0
 6  0      0 232248  15984 496140    0    0     0     8 13995 5628 3 62 35  0  0  0
 7  0      0 225768  15992 496216    0    0     0    36 15143 5457 3 70 27  0  0  0
 0  0      0 234592  15992 496212    0    0     0     0 15081 5781 3 69 28  0  0  0
13  0      0 233864  15992 496252    0    0     0     0 15183 5681 3 70 27  0  0  0
 0  0      0 229680  15992 496292    0    0     0     0 14683 5622 2 69 29  0  0  0
 5  0      0 233864  15992 496332    0    0     0     0 14630 5500 2 70 28  0  0  0
 3  0      0 234552  16000 496400    0    0     0    16 14679 5138 2 74 23  1  0  0
 0  0      0 235872  16000 496408    0    0     0     0 14147 5636 2 68 30  0  0  0
 6  0      0 236784  16000 496448    0    0     0     0 14816 5470 3 73 24  0  0  0
 0  0      0 235600  16000 496492    0    0     0     0 14762 5497 2 70 28  0  0  0
12  0      0 236352  16000 496528    0    0     0     0 15041 5594 2 69 29  0  0  0
 0  0      0 236208  16008 496596    0    0     0    16 15285 5551 2 71 26  1  0  0
 2  0      0 238824  16008 496608    0    0     0     0 15156 5571 2 69 29  0  0  0
 6  0      0 238520  16008 496648    0    0     0     0 15242 5841 2 70 28  0  0  0
 0  0      0 238448  16008 496688    0    0     0     0 15022 5622 2 68 30  0  0  0
 1  0      0 238368  16008 496728    0    0     0     0 14817 5666 2 67 31  0  0  0
 5  0      0 238412  16016 496796    0    0     0    16 14222 5511 3 69 28  0  0  0
17  0      0 235188  16016 496808    0    0     0    20 14541 5402 3 69 28  0  0  0
 0  0      0 237188  16016 496848    0    0     0     0 15137 5563 3 71 26  0  0  0
 5  0      0 235652  16016 496888    0    0     0     0 14963 5576 2 71 27  0  0  0
13  0      0 231588  16016 496928    0    0     0     0 14898 5271 3 73 25  0  0  0
 3  0      0 233344  16024 496992    0    0     0    16 14990 5502 2 75 23  0  0  0
 8  0      0 235032  16024 497004    0    0     0     0 15294 5421 2 69 29  0  0  0
 0  0      0 237368  16024 497044    0    0     0     0 14958 5533 2 70 28  0  0  0
 0  0      0 233760  16024 497084    0    0     0     0 14456 5430 2 70 28  0  0  0
 6  0      0 234864  16024 497124    0    0     0     0 14641 5464 2 68 30  0  0  0
 0  0      0 238400  16032 497192    0    0     0    20 14556 5615 2 67 31  0  0  0
 0  0      0 236320  16032 497204    0    0     0     0 15126 5558 3 73 24  0  0  0
 5  0      0 238056  16032 497244    0    0     0     0 14640 5350 3 70 27  0  0  0
 8  0      0 236168  16032 497284    0    0     0     0 15861 5643 3 73 24  0  0  0
14  0      0 237040  16032 497324    0    0     0     0 15037 5360 2 69 29  0  0  0
 1  0      0 237456  16040 497388    0    0     0    20 13791 5351 1 64 34  1  0  0
 5  0      0 238192  16040 497404    0    0     0     0 14846 5482 2 69 29  0  0  0
 0  0      0 236304  16040 497444    0    0     0  1388 14860 5566 3 70 27  0  0  0
 0  0      0 236320  16040 497480    0    0     0     0 14959 5500 3 72 25  0  0  0
14  0      0 237056  16040 497520    0    0     0     0 14885 5556 2 70 28  0  0  0
10  0      0 235136  16048 497588    0    0     0    28 14050 5426 3 69 26  2  0  0
 3  0      0 236476  16048 497600    0    0     0     0 14967 5474 2 70 28  0  0  0
 0  0      0 238528  16048 497640    0    0     0     0 14566 5461 2 66 32  0  0  0
 3  0      0 237956  16048 497680    0    0     0     0 14174 5537 3 65 32  0  0  0
 0  0      0 234252  16048 497720    0    0     0     0 12244 4764 2 56 42  0  0  0
 0  0      0 234284  16048 497744    0    0     0     0 1009   66  0  1 99  0  0  0
 0  0      0 234284  16056 497748    0    0     0    16 1046   78  0  1 99  0  0  0
 0  0      0 234284  16056 497748    0    0     0     0 1017   63  0  2 98  0  0  0
 0  0      0 234284  16056 497748    0    0     0     0 1014   62  0  1 99  0  0  0
 0  0      0 234284  16056 497748    0    0     0     0 1007   49  0  1 99  0  0  0
 0  0      0 234284  16064 497740    0    0     0  2064 1024  106  0  2 95  3  0  0
 0  0      0 234284  16064 497748    0    0     0     0 1025  154  0  1 99  0  0  0
 0  0      0 234284  16064 497748    0    0     0     0 1015   87  0  2 98  0  0  0
 0  0      0 233276  16088 498264    0    0     0  2136 1035  305  0  1 98  1  0  0
 0  0      0 233276  16088 498296    0    0     0     0 1014   70  0  1 99  0  0  0
