procs -----------memory---------- ---swap-- -----io---- -system-- -------cpu-------
 r  b   swpd   free   buff  cache   si   so    bi    bo   in   cs us sy id wa st gu
 4  0      0 323032  15580 452572    0    0 63909  1035 2037   48  2 22 68  8  0  0
15  0      0 308004  15580 452652    0    0     0     0 17246 5352 3 88  9  0  0  0
16  0      0 306576  15580 452716    0    0     0     0 18073 5869 4 95  1  0  0  0
19  0      0 304176  15580 452768    0    0     0     0 18276 6127 2 98  0  0  0  0
16  0      0 306728  15580 452796    0    0     0     0 18251 6480 3 94  3  0  0  0
 8  0      0 308556  15588 452876    0    0     0    64 18105 6848 3 89  8  0  0  0
22  0      0 298900  15588 452904    0    0     0     0 17969 6038 3 94  3  0  0  0
25  0      0 301140  15588 452992    0    0     0     0 18823 6269 3 97  0  0  0  0
18  0      0 297076  15588 453004    0    0     0     0 18533 6003 4 96  0  0  0  0
28  0      0 299016  15588 453096    0    0     0     0 18566 6153 3 96  1  0  0  0
14  0      0 302560  15596 453140    0    0     0    24 18395 6424 3 96  1  0  0  0
14  0      0 300976  15596 453200    0    0     0     0 18094 6128 4 93  3  0  0  0
18  0      0 303428  15596 453224    0    0     0     0 18451 6538 3 93  4  0  0  0
13  0      0 304504  15596 453284    0    0     0     0 17719 6626 4 92  4  0  0  0
24  0      0 302648  15596 453372    0    0     0     0 17549 6289 3 97  0  0  0  0
14  0      0 300800  15604 453420    0    0     0    16 18591 6724 2 98  0  0  0  0
 0  0      0 303352  15604 453480    0    0     0     0 18273 6927 3 92  5  0  0  0
18  0      0 303864  15604 453532    0    0     0     0 18222 6322 4 94  2  0  0  0
26  0      0 299936  15604 453584    0    0     0     0 17927 6521 3 96  1  0  0  0
 0  0      0 298268  15604 453688    0    0     0     0 17979 6221 3 97  0  0  0  0
25  0      0 300516  15612 453736    0    0     0    16 18248 6255 3 95  2  0  0  0
15  0      0 303032  15612 453792    0    0     0     0 18004 6549 3 95  2  0  0  0
23  0      0 296216  15612 453812    0    0     0     0 18226 6214 4 95  1  0  0  0
23  0      0 299132  15612 453904    0    0     0     0 17948 6405 3 94  3  0  0  0
19  0      0 301652  15612 453960    0    0     0     0 17932 6579 4 91  5  0  0  0
 4  0      0 295412  15620 454008    0    0     0    16 18300 6233 4 94  2  0  0  0
23  0      0 296736  15620 454032    0    0     0     0 17401 6808 2 91  7  0  0  0
28  0      0 295516  15620 454136    0    0     0   208 18261 6434 4 96  0  0  0  0
 6  0      0 295452  15620 454144    0    0     0  5096 18434 6637 4 96  0  0  0  0
 9  0      0 298260  15620 454228    0    0     0    44 18255 6860 3 94  3  0  0  0
11  0      0 301108  15632 454272    0    0     0    72 18020 6487 4 95  1  0  0  0
23  0      0 298676  15632 454300    0    0     0     4 17973 6099 3 97  0  0  0  0
 2  0      0 295484  15632 454392    0    0     0     0 17630 6288 3 97  0  0  0  0
13  0      0 297788  15632 454412    0    0     0     0 17780 6359 4 93  3  0  0  0
10  0      0 295500  15632 454496    0    0     0  1788 18580 6569 3 97  0  0  0  0
15  0      0 295956  15640 454544    0    0     0    36 18182 5875 3 97  0  0  0  0
 4  0      0 299988  15640 454608    0    0     0     0 17593 6809 3 89  8  0  0  0
16  0      0 303068  15640 454668    0    0     0     0 17853 6571 4 89  7  0  0  0
21  0      0 282476  15640 454688    0    0     0     0 18094 6522 3 96  1  0  0  0
 8  0      0 284636  15640 454776    0    0     0     0 18043 6940 4 94  2  0  0  0
13  0      0 287372  15648 454820    0    0     0    16 17440 7408 3 87 10  0  0  0
26  0      0 286196  15648 454888    0    0     0     0 18083 6927 3 96  1  0  0  0
14  0      0 286116  15648 454940    0    0     0     0 18081 6326 3 96  1  0  0  0
11  0      0 284472  15648 454992    0    0     0     0 17554 7118 3 92  5  0  0  0
42  0      0 287704  15648 455012    0    0     0     0 18223 6613 3 97  0  0  0  0
31  0      0 286840  15656 455100    0    0     0    16 18210 6508 3 96  1  0  0  0
24  0      0 283876  15656 455160    0    0     0     0 18069 6509 3 97  0  0  0  0
33  0      0 281508  15656 455180    0    0     0     0 17840 6493 4 96  0  0  0  0
15  0      0 265380  15656 455264    0    0     0     0 18079 7234 3 97  0  0  0  0
32  0      0 264464  15656 455284    0    0     0     0 17674 6606 3 95  2  0  0  0
16  0      0 266780  15664 455364    0    0     0    16 17997 6515 3 97  0  0  0  0
25  0      0 269884  15664 455392    0    0     0     0 17508 6490 3 97  0  0  0  0
17  0      0 265924  15664 455444    0    0     0     0 17228 6077 3 97  0  0  0  0
43  0      0 263684  15664 455492    0    0     0     0 16596 5746 4 96  0  0  0  0
15  0      0 256780  15664 455568    0    0     0     0 16042 5633 3 97  0  0  0  0
30  0      0 259652  15672 455580    0    0     0    16 16357 5822 4 96  0  0  0  0
13  0      0 262664  15672 455676    0    0     0     0 16838 4825 4 96  0  0  0  0
41  0      0 259548  15672 455724    0    0     0     0 16354 5140 4 96  0  0  0  0
16  0      0 253788  15672 455816    0    0     0     0 16314 6773 3 97  0  0  0  0
18  0      0 244164  15672 455836    0    0     0   172 15977 7115 4 96  0  0  0  0
28  0      0 239684  15680 457952    0    0  2032    16 15902 6504 3 97  0  0  0  0
19  0      0 242116  15680 458000    0    0     0    64 15787 6236 4 96  0  0  0  0
26  0      0 245528  15680 458016    0    0     0     8 16821 5775 4 96  0  0  0  0
24  0      0 241088  15680 458088    0    0     0     0 16365 5731 2 98  0  0  0  0
13  0      0 237744  15680 458208    0    0     0     0 17313 5563 4 96  0  0  0  0
39  0      0 232076  15688 458320    0    0     0  1568 17403 8006 3 97  0  0  0  0
37  0      0 232936  15688 458380    0    0     0     0 17155 11575 4 95 1  0  0  0
13  0      0 236284  15688 458456    0    0     0     0 17560 10335 3 97 0  0  0  0
29  0      0 239492  15688 458476    0    0     0     0 17433 10019 3 96 1  0  0  0
17  0      0 242060  15688 458568    0    0     0     0 17181 9615 3 97  0  0  0  0
13  0      0 241816  15696 458616    0    0     0    16 17454 10180 3 97 0  0  0  0
12  0      0 240792  15696 458676    0    0     0     0 17300 8652 3 97  0  0  0  0
15  0      0 238916  15696 458728    0    0     0     0 17492 9491 3 95  2  0  0  0
29  0      0 239428  15696 458784    0    0     0     0 17619 8528 3 96  1  0  0  0
 5  0      0 243160  15696 458836    0    0     0     0 17283 8477 3 96  1  0  0  0
16  0      0 241376  15704 458884    0    0     0    16 17194 7969 3 97  0  0  0  0
14  0      0 239660  15704 458944    0    0     0     0 17152 8242 4 96  0  0  0  0
11  0      0 238484  15704 458992    0    0     0     0 17192 8658 3 97  0  0  0  0
18  0      0 239188  15704 459052    0    0     0     0 17333 8718 4 96  0  0  0  0
18  0      0 243836  15704 459108    0    0     0     0 17402 8623 3 96  1  0  0  0
13  0      0 230296  15712 460800    0    0  1612    16 17235 8085 3 94  3  0  0  0
28  0      0 225216  15712 460784    0    0     0     0 17267 7992 3 97  0  0  0  0
15  0      0 232168  15712 460872    0    0     0     0 17506 8223 4 96  0  0  0  0
21  0      0 230968  15712 460924    0    0     0     0 17600 8542 3 97  0  0  0  0
31  0      0 235240  15712 460976    0    0     0     0 17676 7781 4 96  0  0  0  0
31  0      0 228404  15720 461020    0    0     0    16 17593 7500 3 97  0  0  0  0
16  0      0 231648  15720 461076    0    0     0     0 17347 8356 4 96  0  0  0  0
23  0      0 230272  15720 461136    0    0     0     0 17684 7609 3 97  0  0  0  0
35  0      0 228576  15720 461184    0    0     0     0 17516 8021 2 98  0  0  0  0
28  0      0 226144  15720 461236    0    0     0     0 17538 7709 4 96  0  0  0  0
27  0      0 231600  15728 461280    0    0     0    20 17430 8151 2 98  0  0  0  0
25  0      0 216184  15728 461764    0    0   392     0 17423 8752 3 97  0  0  0  0
38  0      0 225404  15728 461916    0    0   120     0 17602 8071 3 94  3  0  0  0
29  0      0 227472  15728 461932    0    0     0     4 17609 8337 4 94  2  0  0  0
 9  0      0 222580  15728 462016    0    0     0     0 17239 8160 3 97  0  0  0  0
33  0      0 230076  15736 462060    0    0     0  1656 17613 7748 3 96  1  0  0  0
29  0      0 222808  15736 462128    0    0     0    24 16959 7422 4 94  2  0  0  0
21  0      0 227068  15736 462176    0    0     0     0 17656 8042 3 97  0  0  0  0
 8  0      0 231484  15736 462232    0    0     0     0 17700 8204 4 95  1  0  0  0
28  0      0 229056  15736 462284    0    0     0     0 17644 8377 3 97  0  0  0  0
21  0      0 226960  15744 462336    0    0     0    16 17487 8898 3 97  0  0  0  0
21  0      0 228360  15744 462396    0    0     0     0 17609 8319 3 96  1  0  0  0
13  0      0 223592  15744 462472    0    0     0     0 17295 8411 4 96  0  0  0  0
 8  0      0 221008  15744 463024    0    0   520     0 17865 8106 3 97  0  0  0  0
18  0      0 219484  15744 463076    0    0     0     0 17556 7857 3 97  0  0  0  0
26  0      0 228732  15752 463124    0    0     0    16 17480 8206 3 95  2  0  0  0
32  0      0 225832  15752 463184    0    0     0     0 17586 8293 3 97  0  0  0  0
11  0      0 223796  15752 463236    0    0     0     0 17841 7386 4 96  0  0  0  0
16  0      0 229812  15752 463288    0    0     0     0 17699 7512 3 96  1  0  0  0
23  0      0 221768  15752 463348    0    0     0     0 17672 7873 3 96  1  0  0  0
22  0      0 222248  15760 463392    0    0     0    16 17505 7859 3 97  0  0  0  0
 4  0      0 228760  15760 463452    0    0     0     0 17730 8323 3 97  0  0  0  0
23  0      0 229904  15760 463504    0    0     0     0 17400 9002 3 91  6  0  0  0
22  0      0 212652  15760 464600    0    0  1064     0 17213 8762 3 97  0  0  0  0
29  0      0 218096  15760 464676    0    0     0     0 17798 8055 4 96  0  0  0  0
16  0      0 210992  15768 464720    0    0     0    16 17808 8131 2 98  0  0  0  0
23  0      0 219152  15768 464744    0    0     0     0 17667 7816 4 96  0  0  0  0
48  0      0 216648  15768 464824    0    0     0     4 17145 7202 4 96  0  0  0  0
52  0      0 210480  15768 464840    0    0     0     0 16256 5562 3 97  0  0  0  0
47  0      0 203220  15768 464880    0    0     0     0 15605 5961 4 96  0  0  0  0
21  0      0 206268  15776 464912    0    0     0    16 16170 5692 4 96  0  0  0  0
19  0      0 206660  15776 464952    0    0     0     0 16364 5094 3 97  0  0  0  0
15  0      0 208968  15776 464996    0    0     0     0 16016 4414 4 96  0  0  0  0
22  0      0 205168  15776 465072    0    0     0     0 16224 3849 4 96  0  0  0  0
21  0      0 192652  15776 465160    0    0     0     0 17518 4313 4 96  0  0  0  0
29  0      0 195436  15784 470400    0    0  5228    32 17080 4280 3 97  0  0  0  0
28  0      0 188092  15784 470416    0    0     0  1516 16444 3808 4 96  0  0  0  0
15  0      0 192136  15784 470500    0    0     0     0 16424 4077 5 95  0  0  0  0
31  0      0 191352  15784 470584    0    0     0     0 17253 4001 4 96  0  0  0  0
22  0      0 196800  15784 470640    0    0     0     0 18465 4235 3 97  0  0  0  0
27  0      0 192516  15792 470680    0    0     0    28 18058 3858 3 97  0  0  0  0
25  0      0 191424  15792 470740    0    0     0    20 17507 6957 4 96  0  0  0  0
20  0      0 193920  15792 470792    0    0     0     0 17885 4805 3 97  0  0  0  0
36  0      0 196800  15792 470852    0    0     0     0 18024 4453 4 96  0  0  0  0
20  0      0 187460  15792 470908    0    0     0     0 17431 5424 3 97  0  0  0  0
27  0      0 188132  15800 470976    0    0     0    16 17964 4662 4 96  0  0  0  0
29  0      0 185152  15800 471252    0    0   240     0 17987 4448 3 97  0  0  0  0
35  0      0 181776  15800 471284    0    0     0     0 17413 6695 4 96  0  0  0  0
17  0      0 181744  15800 471336    0    0     0     0 17654 4835 3 97  0  0  0  0
22  0      0 181872  15800 471388    0    0     0     0 18138 4588 4 96  0  0  0  0
15  0      0 182864  15808 471432    0    0     0    16 17823 3925 3 97  0  0  0  0
16  0      0 183344  15808 471488    0    0     0     0 18348 4036 5 95  0  0  0  0
38  0      0 179060  15808 471552    0    0     0     0 17560 5236 3 97  0  0  0  0
 9  0      0 182664  15808 471616    0    0     0     0 16923 11202 4 96 0  0  0  0
37  0      0 186268  15808 471688    0    0     0     0 17833 9957 3 96  1  0  0  0
30  0      0 187428  15816 471736    0    0     0    16 17318 10133 2 98 0  0  0  0
17  0      0 197200  15816 471800    0    0     0     0 17486 10128 3 92 5  0  0  0
35  0      0 184892  15816 471852    0    0     0     0 17182 9467 3 97  0  0  0  0
36  0      0 193828  15816 471896    0    0     0     0 16884 8720 3 97  0  0  0  0
16  0      0 192396  15816 471944    0    0     0     0 17001 9389 3 97  0  0  0  0
46  0      0 191588  15824 471988    0    0     0    20 17030 8269 3 97  0  0  0  0
27  0      0 194460  15824 472044    0    0     0     0 16405 8560 4 96  0  0  0  0
19  0      0 211616  15824 472096    0    0     0     0 17628 8475 3 94  3  0  0  0
37  0      0 208132  15824 472148    0    0     0     0 17260 8415 3 97  0  0  0  0
32  0      0 214992  15824 472196    0    0     0     0 17481 7824 3 97  0  0  0  0
19  0      0 211008  15832 472248    0    0     0    16 17288 8321 3 97  0  0  0  0
29  0      0 214536  15832 472312    0    0     0     8 16943 8138 3 97  0  0  0  0
18  0      0 194472  15832 480580    0    0  8192  1608 17028 8538 3 97  0  0  0  0
10  0      0 193336  15832 483684    0    0  3080     0 17246 7941 4 96  0  0  0  0
29  0      0 194992  15832 483696    0    0     0     0 17372 7606 3 97  0  0  0  0
30  0      0 187260  15840 483776    0    0     0    36 17706 8191 3 97  0  0  0  0
15  0      0 196276  15840 483836    0    0     0     0 17247 7117 4 95  1  0  0  0
22  0      0 198336  15840 483884    0    0     0     0 16696 8296 3 97  0  0  0  0
14  0      0 193516  15840 483936    0    0     0     0 17548 8397 4 96  0  0  0  0
25  0      0 195776  15840 483984    0    0     0     0 17413 7996 4 96  0  0  0  0
24  0      0 198240  15848 484036    0    0     0    16 17210 7813 3 97  0  0  0  0
18  0      0 198184  15848 484096    0    0     0     0 17416 8064 3 97  0  0  0  0
19  0      0 197336  15848 484148    0    0     0    24 17277 8143 3 96  1  0  0  0
17  0      0 178972  15848 484228    0    0     0     0 17383 8518 3 97  0  0  0  0
31  0      0 181420  15848 492444    0    0  8192     0 17296 8398 4 96  0  0  0  0
30  0      0 188436  15856 492476    0    0     0    16 17541 7405 2 97  1  0  0  0
19  0      0 188184  15856 492532    0    0     0     0 17602 7613 3 97  0  0  0  0
36  0      0 186772  15856 492588    0    0     0     0 17370 7693 4 96  0  0  0  0
20  0      0 186912  15856 492636    0    0     0     0 17706 8021 4 96  0  0  0  0
17  0      0 193488  15856 492692    0    0     0     0 17483 8127 2 98  0  0  0  0
 6  0      0 194884  15864 492744    0    0     0    16 17808 8289 4 95  1  0  0  0
29  0      0 190836  15864 492800    0    0     0     0 18058 8097 2 97  1  0  0  0
25  0      0 192192  15864 492856    0    0     0     4 17522 7784 3 97  0  0  0  0
25  0      0 194632  15864 492908    0    0     0     0 17459 7989 2 97  1  0  0  0
23  0      0 189372  15864 492996    0    0     0     0 17488 7825 5 95  0  0  0  0
16  0      0 177428  15872 498392    0    0  5364    16 17471 8647 3 97  0  0  0  0
16  0      0 181520  15872 498404    0    0     0     0 17615 7742 3 97  0  0  0  0
23  0      0 185008  15872 498460    0    0     0     0 17440 7891 3 97  0  0  0  0
46  0      0 183296  15872 498520    0    0     0     0 17826 8119 4 96  0  0  0  0
15  0      0 181948  15872 498568    0    0     0     0 17373 8021 3 97  0  0  0  0
28  0      0 184924  15880 498612    0    0     0    16 17625 8367 3 97  0  0  0  0
16  0      0 187160  15880 498668    0    0     0     0 17555 7940 4 96  0  0  0  0
24  0      0 178764  15880 498732    0    0     0  1580 17349 7911 3 97  0  0  0  0
21  0      0 182868  15880 498784    0    0     0     0 17283 7892 3 96  1  0  0  0
32  0      0 194156  15880 498832    0    0     0     0 17495 7748 3 95  2  0  0  0
18  0      0 182480  15888 498880    0    0     0    28 16377 6557 3 97  0  0  0  0
37  0      0 170328  15888 499680    0    0   720     0 16023 7109 4 96  0  0  0  0
49  0      0 172536  15888 499692    0    0     0     0 16021 6334 4 96  0  0  0  0
25  0      0 172740  15888 499740    0    0     0     0 17184 7488 3 97  0  0  0  0
40  0      0 170012  15888 499792    0    0     0     0 17179 7759 3 97  0  0  0  0
12  1      0 176428  15896 499832    0    0     0    16 16333 6896 4 96  0  0  0  0
28  0      0 172184  15896 499892    0    0     0     0 15991 6516 3 97  0  0  0  0
42  0      0 176940  15896 499948    0    0     0     0 16864 7802 3 97  0  0  0  0
27  0      0 172908  15896 500000    0    0     0     0 17501 7905 3 97  0  0  0  0
 8  0      0 178756  15896 500048    0    0     0     0 17111 7135 4 96  0  0  0  0
34  0      0 175140  15896 500064    0    0     0     0 16450 6381 4 96  0  0  0  0
47  0      0 180220  15904 500144    0    0     0    28 16818 6825 3 97  0  0  0  0
13  0      0 166984  15904 503828    0    0  3644     0 17391 9051 3 97  0  0  0  0
18  0      0 160964  15904 503888    0    0     0     0 15567 6570 3 97  0  0  0  0
34  0      0 158572  15904 503892    0    0     0     0 16031 5922 4 96  0  0  0  0
25  0      0 165244  15904 503968    0    0     0     0 16781 7250 4 96  0  0  0  0
 9  0      0 169836  15912 504028    0    0     0    16 17697 8296 3 97  0  0  0  0
32  0      0 171636  15912 504088    0    0     0     0 17648 8520 3 97  0  0  0  0
 5  0      0 172392  15912 504140    0    0     0     0 17557 8904 3 96  1  0  0  0
 7  0      0 175596  15912 504196    0    0     0     0 17238 9143 3 95  2  0  0  0
22  0      0 170764  15912 504244    0    0     0     0 16944 7968 4 96  0  0  0  0
30  0      0 179168  15920 504300    0    0     0    20 17343 7933 3 97  0  0  0  0
30  0      0 177888  15920 504348    0    0     0     0 16693 7863 3 97  0  0  0  0
12  0      0 173972  15920 505400    0    0   964     0 17483 8841 3 97  0  0  0  0
22  0      0 174556  15920 505408    0    0     0     0 17202 8347 3 97  0  0  0  0
32  0      0 174536  15920 505452    0    0     0     0 16745 7805 4 96  0  0  0  0
23  0      0 170696  15928 505500    0    0     0    16 17161 7962 2 98  0  0  0  0
 1  0      0 179808  15928 505556    0    0     0     0 17374 7939 4 94  2  0  0  0
29  0      0 176924  15928 505604    0    0     0  1540 17000 7802 3 97  0  0  0  0
22  0      0 176464  15928 505656    0    0     0     0 16924 8124 3 97  0  0  0  0
20  0      0 177436  15928 505716    0    0     0     0 17374 7715 3 97  0  0  0  0
11  0      0 180156  15936 505768    0    0     0    36 18030 8193 3 97  0  0  0  0
30  0      0 181820  15936 505820    0    0     0     0 17299 8115 3 97  0  0  0  0
21  0      0 179084  15936 505872    0    0     0     0 17350 8249 3 97  0  0  0  0
25  0      0 165588  15936 505956    0    0     0     0 17275 7643 3 97  0  0  0  0
32  0      0 174044  15936 505976    0    0     0     0 17426 8466 3 97  0  0  0  0
16  0      0 173068  15944 506028    0    0     0    16 17462 7686 4 96  0  0  0  0
26  0      0 171672  15944 506076    0    0     0     0 17253 8015 3 97  0  0  0  0
11  0      0 167764  15944 506128    0    0     0     0 17388 7927 2 98  0  0  0  0
18  0      0 173080  15944 506184    0    0     0     0 17639 8377 3 97  0  0  0  0
13  1      0 183012  15952 506232    0    0     0    16 17211 8677 3 92  5  0  0  0
23  0      0 177212  15952 506292    0    0     0     0 17503 8516 3 96  1  0  0  0
11  0      0 179148  15952 506344    0    0     0     0 16915 8409 3 95  2  0  0  0
29  0      0 180500  15952 506396    0    0     0     0 17293 7581 4 96  0  0  0  0
 7  0      0 180884  15952 506448    0    0     0     0 17270 8067 3 97  0  0  0  0
15  1      0 178112  15960 506492    0    0     0    16 17130 7987 4 96  0  0  0  0
31  0      0 180560  15960 506552    0    0     0    24 17473 8295 3 97  0  0  0  0
 6  0      0 185656  15960 506604    0    0     0     0 17462 7563 3 96  1  0  0  0
17  0      0 182756  15960 506668    0    0     0     4 17375 7928 4 95  1  0  0  0
11  0      0 180904  15960 506720    0    0     0     0 17241 8283 3 95  2  0  0  0
13  1      0 184008  15968 506760    0    0     0    16 17322 7969 4 96  0  0  0  0
23  0      0 184268  15968 506824    0    0     0     0 17320 8249 3 97  0  0  0  0
22  0      0 187148  15968 506880    0    0     0     0 17534 8167 3 97  0  0  0  0
25  0      0 177472  15968 506936    0    0     0     0 17412 8136 3 97  0  0  0  0
27  0      0 184328  15968 506984    0    0     0     0 17339 8411 3 97  0  0  0  0
21  1      0 175592  15976 507032    0    0     0    16 17336 8156 3 97  0  0  0  0
18  0      0 185416  15976 507060    0    0     0     0 17469 8489 4 96  0  0  0  0
11  0      0 179620  15976 507120    0    0     0     0 17227 7553 4 96  0  0  0  0
11  0      0 172888  15976 507168    0    0     0     0 17396 8048 3 97  0  0  0  0
10  0      0 180656  15976 507224    0    0     0  1596 17184 8470 3 92  5  0  0  0
42  0      0 186056  15976 507276    0    0     0     0 16997 8185 3 92  5  0  0  0
29  0      0 180936  15984 507336    0    0     0    36 16962 7738 4 96  0  0  0  0
11  0      0 182480  15984 507380    0    0     0     0 17160 7834 4 96  0  0  0  0
15  0      0 186736  15984 507436    0    0     0     0 16612 7239 3 97  0  0  0  0
24  0      0 187680  15984 507488    0    0     0     0 17229 7597 4 95  1  0  0  0
43  0      0 170668  15984 507568    0    0     0     0 15020 6498 3 97  0  0  0  0
33  0      0 170348  15992 507584    0    0     0    16 15792 7110 4 96  0  0  0  0
25  0      0 167060  15992 507624    0    0     0     0 15542 6748 4 96  0  0  0  0
33  0      0 179320  15992 507668    0    0     0     0 17533 7599 3 97  0  0  0  0
16  0      0 181296  15992 507720    0    0     0     0 16665 7202 3 97  0  0  0  0
23  0      0 176432  15992 507772    0    0     0     0 15876 6599 4 96  0  0  0  0
46  0      0 173840  16000 507776    0    0     0    16 16160 5707 4 96  0  0  0  0
22  0      0 177560  16000 507852    0    0     0     0 17483 7630 3 97  0  0  0  0
18  0      0 181532  16000 507920    0    0     0     0 17470 8678 4 94  2  0  0  0
17  0      0 177084  16000 507972    0    0     0     0 16457 7103 3 97  0  0  0  0
29  0      0 178356  16000 508020    0    0     0     0 15773 7000 4 96  0  0  0  0
20  0      0 164768  16008 508108    0    0     0    16 17402 8121 3 97  0  0  0  0
24  0      0 161292  16008 508100    0    0     0     0 16528 7250 4 96  0  0  0  0
32  0      0 159820  16008 508116    0    0     0     0 15996 5441 3 97  0  0  0  0
36  0      0 162828  16008 508188    0    0     0     0 15707 6393 3 97  0  0  0  0
38  0      0 160940  16008 508232    0    0     0     0 17380 7173 4 96  0  0  0  0
32  0      0 161420  16016 508280    0    0     0    20 17202 7086 4 96  0  0  0  0
21  0      0 164996  16016 508328    0    0     0     0 17094 7811 2 98  0  0  0  0
23  0      0 165984  16016 508388    0    0     0     0 17261 7556 3 97  0  0  0  0
27  0      0 168196  16016 508400    0    0     0     0 17120 7294 4 96  0  0  0  0
34  0      0 170644  16016 508476    0    0     0     0 17115 6508 3 97  0  0  0  0
31  0      0 166256  16024 508524    0    0     0    16 16734 7769 3 97  0  0  0  0
 7  0      0 159312  16024 508576    0    0     0     0 17545 9073 4 96  0  0  0  0
30  0      0 167500  16024 508632    0    0     0     0 17506 9007 4 96  0  0  0  0
17  0      0 170448  16024 508692    0    0     0     0 17431 9375 3 97  0  0  0  0
15  0      0 170968  16024 508748    0    0     0  1524 17588 8685 3 96  1  0  0  0
24  0      0 171456  16032 508800    0    0     0    60 17441 8879 3 97  0  0  0  0
39  0      0 169944  16032 508852    0    0     0     0 17522 8300 3 97  0  0  0  0
14  0      0 176044  16032 508904    0    0     0     0 17086 8285 3 97  0  0  0  0
29  0      0 181972  16032 508956    0    0     0     0 17027 8126 4 96  0  0  0  0
32  0      0 172156  16032 509008    0    0     0     0 17646 7817 4 96  0  0  0  0
38  0      0 175844  16040 509064    0    0     0    16 17609 8154 3 97  0  0  0  0
21  0      0 177316  16040 509116    0    0     0     0 17388 7444 3 97  0  0  0  0
17  0      0 177304  16040 509164    0    0     0     0 17559 7578 3 97  0  0  0  0
32  0      0 178008  16040 509212    0    0     0     0 17087 7484 2 98  0  0  0  0
18  0      0 178144  16040 509264    0    0     0     0 17509 7769 3 97  0  0  0  0
 2  0      0 182236  16048 509320    0    0     0    16 17355 7507 4 96  0  0  0  0
 0  0      0 184972  16048 509328    0    0     0     0 1045   98  0  1 99  0  0  0
 0  0      0 184944  16048 509328    0    0     0     0 1053   71  0  1 99  0  0  0
 0  0      0 184944  16048 509328    0    0     0     0 1010   62  0  2 98  0  0  0
 0  0      0 184944  16048 509328    0    0     0     0 1016   65  0  1 99  0  0  0
 0  0      0 184944  16056 509320    0    0     0    20 1014   73  0  2 95  3  0  0
 0  0      0 184944  16064 509328    0    0     0  2064 1021   91  0  1 99  0  0  0
 0  0      0 184944  16064 509328    0    0     0     0 1011   62  0  1 99  0  0  0
 0  0      0 184944  16064 509328    0    0     0     0 1014   70  0  2 98  0  0  0
