procs -----------memory---------- ---swap-- -----io---- -system-- -------cpu-------
 r  b   swpd   free   buff  cache   si   so    bi    bo   in   cs us sy id wa st gu
10  0      0 347736  15568 438360    0    0 61926   920 1959   47  2 21 69  7  0  0
 3  0      0 333224  15568 438412    0    0     0     0 12410 3954 2 63 35  0  0  0
 4  0      0 333748  15568 438448    0    0     0     0 12365 4593 2 60 38  0  0  0
 5  0      0 334996  15568 438484    0    0     0     0 12345 4296 2 59 39  0  0  0
 5  0      0 334068  15568 438516    0    0     0     0 12346 4381 2 58 40  0  0  0
 2  0      0 334120  15576 438540    0    0     0    68 12485 4531 2 58 40  0  0  0
 0  0      0 329416  15576 438580    0    0     0     0 12381 4355 2 60 38  0  0  0
 5  0      0 330664  15576 438612    0    0     0     0 13632 4565 2 64 34  0  0  0
 1  0      0 330928  15576 438644    0    0     0     0 12598 4581 2 60 38  0  0  0
 0  0      0 331184  15576 438672    0    0     0     0 12396 4386 2 60 38  0  0  0
 0  0      0 330000  15584 438704    0    0     0    24 12463 4312 2 60 38  0  0  0
 0  0      0 330672  15584 438744    0    0     0     0 11965 4250 3 56 40  1  0  0
 2  0      0 331632  15584 438780    0    0     0     0 11988 4386 1 58 41  0  0  0
 0  0      0 330992  15584 438812    0    0     0     0 12587 4420 3 62 35  0  0  0
 0  0      0 330864  15584 438844    0    0     0     0 12860 4348 1 65 34  0  0  0
 3  0      0 329188  15592 438868    0    0     0    16 12617 4475 2 60 38  0  0  0
 0  0      0 330180  15592 438908    0    0     0     0 12159 4209 2 56 42  0  0  0
 0  0      0 329796  15592 438944    0    0     0     0 12753 4448 2 59 39  0  0  0
 0  0      0 330932  15592 438976    0    0     0     0 12422 4428 2 59 39  0  0  0
 0  0      0 332136  15592 439008    0    0     0     0 12073 4385 3 54 43  0  0  0
 4  0      0 330840  15600 439036    0    0     0    16 13084 4298 1 63 36  0  0  0
 0  0      0 330840  15600 439076    0    0     0     0 12814 4415 3 61 36  0  0  0
 0  0      0 332120  15600 439108    0    0     0     0 11942 4451 2 54 44  0  0  0
 0  0      0 331984  15600 439140    0    0     0     0 12713 4392 2 65 33  0  0  0
 0  0      0 329424  15600 439176    0    0     0     0 12786 4290 2 61 37  0  0  0
 0  0      0 330384  15608 439200    0    0     0    16 11186 4195 2 52 44  2  0  0
 8  0      0 328720  15608 439240    0    0     0     0 12378 4354 1 64 35  0  0  0
 0  0      0 317456  15608 439308    0    0     0   208 12101 4249 3 60 37  0  0  0
 0  0      0 315964  15608 439308    0    0     0  4500 12807 4823 1 57 42  0  0  0
15  0      0 316284  15608 439336    0    0     0    44 12959 4518 2 60 38  0  0  0
 3  0      0 318816  15620 439356    0    0     0    64 12558 4386 2 57 39  2  0  0
 0  0      0 319368  15620 439408    0    0     0     4 11698 4282 1 55 44  0  0  0
 1  0      0 318516  15620 439440    0    0     0     0 12416 4257 2 56 42  0  0  0
12  0      0 315796  15620 439472    0    0     0     0 12846 4383 2 65 33  0  0  0
 2  0      0 317868  15620 439504    0    0     0  1092 13155 4379 3 61 36  0  0  0
 0  0      0 317716  15628 439528    0    0     0    36 11913 4345 2 54 44  0  0  0
12  0      0 318784  15628 439572    0    0     0     0 11799 4352 2 54 44  0  0  0
 0  0      0 307456  15628 439600    0    0     0     0 12578 4397 2 58 39  1  0  0
 8  0      0 307752  15628 439640    0    0     0     0 11564 4423 2 54 44  0  0  0
 7  0      0 306728  15628 439672    0    0     0     0 12798 4377 1 59 40  0  0  0
 8  0      0 308756  15636 439696    0    0     0    16 13522 4528 3 60 37  0  0  0
 0  0      0 304244  15636 439736    0    0     0     0 12107 4350 1 57 42  0  0  0
 0  0      0 306388  15636 439768    0    0     0     0 12136 4274 2 58 40  0  0  0
 6  0      0 306932  15636 439800    0    0     0     0 11878 4308 2 53 45  0  0  0
 6  0      0 307320  15636 439836    0    0     0     0 12494 4228 2 57 41  0  0  0
 0  0      0 305272  15644 439864    0    0     0    16 12399 4299 2 57 40  1  0  0
 0  0      0 306020  15644 439908    0    0     0     0 12237 4319 2 56 42  0  0  0
13  0      0 291108  15644 441996    0    0  2032     0 12602 4365 2 57 41  0  0  0
 6  0      0 288272  15644 442008    0    0     0     0 13335 4415 2 63 35  0  0  0
 0  0      0 289620  15644 442040    0    0     0     0 12006 4175 2 56 42  0  0  0
 7  0      0 290524  15652 442064    0    0     0    16 11925 4211 2 55 43  0  0  0
 2  0      0 292092  15652 442104    0    0     0     0 12607 4276 2 57 41  0  0  0
 3  0      0 288420  15652 442140    0    0     0     0 13418 4573 2 62 36  0  0  0
 0  0      0 289936  15652 442172    0    0     0     0 12435 4256 2 54 44  0  0  0
 9  0      0 290688  15652 442208    0    0     0     0 12554 4338 1 58 40  1  0  0
13  0      0 290104  15660 442232    0    0     0    16 12977 4421 2 60 38  0  0  0
 4  0      0 290792  15660 442272    0    0     0     0 12680 4322 2 59 39  0  0  0
 0  0      0 291272  15660 442304    0    0     0     0 12102 4139 1 61 38  0  0  0
 6  0      0 291440  15660 442336    0    0     0     0 12284 4513 3 57 40  0  0  0
 5  0      0 289520  15660 442376    0    0     0     0 11883 4388 2 54 44  0  0  0
 0  0      0 289936  15668 442400    0    0     0    16 12772 4475 2 57 41  0  0  0
 8  0      0 285392  15668 442440    0    0     0    52 12690 4406 2 58 40  0  0  0
 9  0      0 288828  15668 442472    0    0     0     8 13003 4554 2 59 39  0  0  0
 6  0      0 290448  15668 442508    0    0     0     0 12190 4314 2 57 41  0  0  0
 0  0      0 290640  15668 442540    0    0     0     0 12263 4283 3 62 35  0  0  0
 4  0      0 290096  15676 442564    0    0     0  1044 11890 4267 2 55 43  0  0  0
 0  0      0 291344  15676 442608    0    0     0     0 12427 4445 1 56 43  0  0  0
 0  0      0 292656  15676 442640    0    0     0     0 12925 4273 2 61 37  0  0  0
 0  0      0 281308  15676 444284    0    0  1612     0 12133 4441 2 56 41  1  0  0
12  0      0 285416  15676 444316    0    0     0     0 12622 4330 2 58 40  0  0  0
 0  0      0 284592  15684 444340    0    0     0    16 13192 4378 2 59 38  1  0  0
 0  0      0 284368  15684 444384    0    0     0     0 12122 4289 2 53 45  0  0  0
 1  0      0 285948  15684 444416    0    0     0     0 12098 4289 2 54 44  0  0  0
 0  0      0 283836  15684 444452    0    0     0     0 13207 4421 1 61 38  0  0  0
 0  0      0 283452  15684 444484    0    0     0     0 12223 4299 2 56 42  0  0  0
 0  0      0 284488  15692 444508    0    0     0    16 12729 4221 1 58 41  0  0  0
 7  0      0 282112  15692 444548    0    0     0     0 12976 4486 2 59 39  0  0  0
 3  0      0 283420  15692 444580    0    0     0     0 12735 4306 2 59 39  0  0  0
 8  0      0 278576  15692 445044    0    0   392     0 12172 4253 2 59 37  2  0  0
 9  0      0 278896  15692 445040    0    0     0     0 12097 4336 2 61 37  0  0  0
 2  0      0 279512  15700 445068    0    0     0    16 12624 4514 2 59 38  1  0  0
 0  0      0 283880  15700 445112    0    0     0     0 11553 4139 2 53 45  0  0  0
 0  0      0 285296  15700 445144    0    0     0     0 12314 4204 2 56 42  0  0  0
19  0      0 285424  15700 445176    0    0     0     0 12108 4373 2 54 44  0  0  0
 3  0      0 283688  15700 445208    0    0     0     0 12606 4481 1 56 43  0  0  0
 0  0      0 285448  15708 445232    0    0     0    16 12511 4341 2 55 43  0  0  0
 0  0      0 285960  15708 445272    0    0     0     0 11917 4305 2 53 45  0  0  0
15  0      0 285576  15708 445312    0    0     0     0 11945 4356 2 54 44  0  0  0
 8  0      0 277804  15708 446028    0    0   640     0 13337 4547 2 61 36  1  0  0
 0  0      0 283756  15708 446016    0    0     0     0 12965 4464 2 58 40  0  0  0
 3  0      0 284204  15716 446072    0    0     0    16 11707 4304 1 55 44  0  0  0
 0  0      0 282884  15716 446080    0    0     0     4 12993 4308 3 60 37  0  0  0
 0  0      0 284452  15716 446112    0    0     0     0 12294 4365 1 56 43  0  0  0
 1  0      0 283548  15716 446144    0    0     0     4 12573 4306 2 59 39  0  0  0
11  0      0 282484  15716 446184    0    0     0     0 12135 4434 1 58 41  0  0  0
 8  0      0 281404  15724 446212    0    0     0  1028 12342 4302 2 59 39  0  0  0
 0  0      0 283576  15724 446252    0    0     0    24 12887 4419 2 58 40  0  0  0
13  0      0 284428  15724 446288    0    0     0     0 12563 4498 2 55 42  1  0  0
 3  0      0 279264  15724 446520    0    0   148     0 12885 4647 2 58 39  1  0  0
 2  0      0 280524  15724 447416    0    0   916     0 12120 4241 2 56 42  0  0  0
 0  0      0 281368  15732 447440    0    0     0    16 12022 4198 2 60 38  0  0  0
 5  0      0 277784  15732 447484    0    0     0     0 11797 4312 2 54 44  0  0  0
 0  0      0 281732  15732 447516    0    0     0     0 12129 4379 2 55 43  0  0  0
 0  0      0 280516  15732 447552    0    0     0     0 12352 4300 1 57 42  0  0  0
22  0      0 282072  15732 447580    0    0     0     0 12560 4374 2 60 38  0  0  0
 0  0      0 282968  15740 447608    0    0     0    16 13289 4245 3 64 32  1  0  0
 5  0      0 280184  15740 447644    0    0     0     0 12010 4331 2 55 43  0  0  0
 6  0      0 282984  15740 447680    0    0     0     0 12694 4171 1 59 40  0  0  0
11  0      0 283176  15740 447720    0    0     0     0 12389 4565 2 57 41  0  0  0
 0  0      0 274032  15740 452980    0    0  5228     0 12571 4386 1 59 39  1  0  0
 3  0      0 273596  15748 453004    0    0     0    16 13102 4230 2 63 35  0  0  0
 9  0      0 277720  15748 453044    0    0     0     0 12139 4277 3 54 43  0  0  0
12  0      0 276352  15748 453076    0    0     0     0 12743 4251 2 59 39  0  0  0
 0  0      0 274848  15748 453112    0    0     0     0 12463 4538 2 55 43  0  0  0
 0  0      0 276304  15748 453140    0    0     0     0 12462 4239 2 56 42  0  0  0
13  0      0 275528  15756 453172    0    0     0    16 13008 4496 2 60 37  1  0  0
 5  0      0 274964  15756 453212    0    0     0     0 13059 4327 2 60 38  0  0  0
 6  0      0 276640  15756 453244    0    0     0     0 11928 4349 1 55 44  0  0  0
 9  0      0 277920  15756 453276    0    0     0     0 12305 4336 3 55 42  0  0  0
 6  0      0 274124  15756 453496    0    0   148     0 12953 4422 2 61 36  1  0  0
 0  0      0 276544  15764 453480    0    0     0    16 12582 4337 2 60 38  0  0  0
 0  0      0 274092  15764 453520    0    0     0     0 13217 4401 2 63 35  0  0  0
 5  0      0 276836  15764 453556    0    0     0     0 12853 4452 1 60 39  0  0  0
 8  0      0 275748  15764 453592    0    0     0     0 12451 4355 2 56 42  0  0  0
 9  0      0 277136  15764 453624    0    0     0     0 12152 4238 2 56 42  0  0  0
 2  0      0 276688  15772 453648    0    0     0    36 12038 4264 2 54 44  0  0  0
 3  0      0 275992  15772 453688    0    0     0  1004 11860 4574 2 55 43  0  0  0
 0  0      0 274136  15772 453720    0    0     0     0 12179 4376 2 58 40  0  0  0
 0  0      0 277580  15772 453752    0    0     0     0 12243 4223 2 59 39  0  0  0
10  0      0 273128  15772 453932    0    0    92     0 12715 4403 1 61 38  0  0  0
11  0      0 274632  15780 453900    0    0     0    28 13285 4416 2 61 37  0  0  0
 6  0      0 273128  15780 453940    0    0     0    24 13303 4281 2 60 38  0  0  0
 0  0      0 273992  15780 453976    0    0     0     0 12295 4356 2 55 43  0  0  0
 2  0      0 274340  15780 454008    0    0     0     0 12874 4451 2 59 39  0  0  0
 4  0      0 273468  15780 454040    0    0     0     0 12283 4354 1 57 42  0  0  0
 0  0      0 276088  15788 454064    0    0     0    16 12619 4327 2 58 39  1  0  0
 5  0      0 271736  15788 454108    0    0     0     0 12565 4500 2 56 42  0  0  0
19  0      0 275864  15788 454140    0    0     0     0 12965 4368 2 60 38  0  0  0
 0  0      0 271832  15788 454172    0    0     0     0 12535 4434 2 59 39  0  0  0
 0  0      0 272960  15788 462396    0    0  8192     0 12670 4463 2 59 38  1  0  0
12  0      0 272216  15796 462424    0    0     0    16 12608 4394 2 57 41  0  0  0
 2  0      0 273420  15796 462464    0    0     0     0 12757 4326 2 58 40  0  0  0
 0  0      0 274508  15796 462496    0    0     0     0 12117 4029 2 55 43  0  0  0
 0  0      0 273964  15796 462536    0    0     0     0 12517 4245 2 56 42  0  0  0
15  0      0 274392  15796 462568    0    0     0     0 13350 4422 2 60 38  0  0  0
 0  0      0 273636  15804 462596    0    0     0    16 12855 4481 2 58 39  1  0  0
 0  0      0 275076  15804 462636    0    0     0     0 12305 4399 2 56 42  0  0  0
 4  0      0 276044  15804 462668    0    0     0     0 12254 4355 2 56 42  0  0  0
 2  0      0 271536  15804 462704    0    0     0     0 12898 4599 2 59 39  0  0  0
 0  0      0 273008  15804 462732    0    0     0     0 12377 4316 1 59 40  0  0  0
 0  0      0 260544  15812 474036    0    0 11272    16 12139 4395 2 55 41  2  0  0
21  0      0 259104  15812 474076    0    0     0     0 12540 4344 2 57 41  0  0  0
 0  0      0 261040  15812 474108    0    0     0     4 13114 4606 2 60 38  0  0  0
 0  0      0 262072  15812 474140    0    0     0     0 12612 4335 2 57 41  0  0  0
 1  0      0 260984  15812 474172    0    0     0     0 11946 4242 1 55 44  0  0  0
 6  0      0 259168  15820 474232    0    0     0    16 12016 4335 2 57 41  0  0  0
 4  0      0 259008  15820 474240    0    0     0     8 12021 4285 2 55 43  0  0  0
 0  0      0 260092  15820 474276    0    0     0  1000 11556 4277 1 52 47  0  0  0
17  0      0 259452  15820 474312    0    0     0     0 11608 4325 2 55 43  0  0  0
 2  0      0 260292  15820 474344    0    0     0     0 12062 4311 2 54 44  0  0  0
 0  0      0 249136  15828 479768    0    0  5364    36 12048 4269 2 55 42  1  0  0
 7  0      0 250012  15828 479772    0    0     0     0 11811 4325 1 56 43  0  0  0
 5  0      0 250396  15828 479804    0    0     0     0 12640 4497 2 58 40  0  0  0
 1  0      0 251484  15828 479836    0    0     0     0 12615 4374 2 56 42  0  0  0
 0  0      0 249564  15828 479876    0    0     0     0 12897 4163 2 59 39  0  0  0
11  1      0 248380  15836 479932    0    0     0    16 12996 4411 2 60 37  1  0  0
 0  0      0 248956  15836 479940    0    0     0     0 11870 4334 2 54 44  0  0  0
 0  0      0 250204  15836 479972    0    0     0    20 12497 4433 1 57 42  0  0  0
 0  0      0 247868  15836 480004    0    0     0     0 11941 4157 2 55 43  0  0  0
10  0      0 249112  15836 480036    0    0     0     0 12688 4412 2 57 41  0  0  0
 1  0      0 245664  15844 480824    0    0   720    16 12687 4234 2 62 36  0  0  0
 2  0      0 245560  15844 480792    0    0     0     0 12670 4455 2 56 42  0  0  0
 6  0      0 247488  15844 480824    0    0     0     0 13385 4520 1 62 37  0  0  0
 7  0      0 247620  15844 480856    0    0     0     0 12013 4409 2 54 44  0  0  0
 0  0      0 246164  15844 480892    0    0     0     0 12748 4322 2 58 40  0  0  0
 4  0      0 248584  15844 480924    0    0     0     0 12391 4300 2 59 39  0  0  0
17  0      0 249768  15852 480956    0    0     0    16 12116 4431 2 54 43  1  0  0
 9  0      0 249712  15852 480988    0    0     0     0 12333 4207 1 56 43  0  0  0
 0  0      0 248528  15852 481028    0    0     0     0 11823 4315 2 55 43  0  0  0
 6  0      0 248512  15852 481060    0    0     0     0 12617 4262 2 59 39  0  0  0
 2  1      0 249956  15860 484736    0    0  3644    16 12547 4431 1 60 38  1  0  0
 7  0      0 248876  15860 484760    0    0     0     0 12248 4494 2 56 42  0  0  0
 0  0      0 247596  15860 484796    0    0     0     0 12837 4156 2 59 39  0  0  0
 5  0      0 248056  15860 484828    0    0     0     0 12149 4437 2 55 43  0  0  0
 9  0      0 249216  15860 484860    0    0     0     0 12768 4305 2 60 38  0  0  0
 6  0      0 246888  15860 484892    0    0     0     0 12613 4316 1 60 39  0  0  0
 0  0      0 246736  15868 484928    0    0     0    20 12556 4314 2 59 39  0  0  0
16  0      0 247812  15868 484960    0    0     0  1004 13502 4318 2 63 35  0  0  0
 0  0      0 245424  15868 484992    0    0     0     0 12946 4454 2 60 38  0  0  0
 0  0      0 247632  15868 485024    0    0     0     0 12391 4359 2 57 41  0  0  0
 5  0      0 248720  15868 485060    0    0     0     0 12173 4152 3 56 41  0  0  0
15  0      0 241836  15876 486048    0    0   964    28 12298 4365 2 59 39  0  0  0
 0  0      0 242044  15876 486088    0    0     0     0 12765 4277 2 59 39  0  0  0
 0  0      0 243660  15876 486120    0    0     0     0 13114 4403 1 61 38  0  0  0
 9  0      0 244460  15876 486156    0    0     0     0 12057 4330 2 54 44  0  0  0
 5  0      0 244312  15876 486188    0    0     0     0 12940 4373 1 58 41  0  0  0
 0  0      0 243264  15884 486220    0    0     0    16 12414 4287 2 56 40  2  0  0
 0  0      0 245288  15884 486252    0    0     0     0 11826 4196 2 55 43  0  0  0
18  0      0 241748  15884 486284    0    0     0     0 12764 4380 2 60 38  0  0  0
 0  0      0 243024  15884 486324    0    0     0     0 13692 4368 2 64 34  0  0  0
 0  0      0 244816  15884 486356    0    0     0     0 12219 4320 2 57 41  0  0  0
10  0      0 242384  15892 486420    0    0     0    36 12695 4194 2 64 34  0  0  0
 4  0      0 242352  15892 486404    0    0     0     0 13263 4466 2 64 34  0  0  0
 0  0      0 243588  15892 486436    0    0     0     0 13189 4528 2 62 36  0  0  0
 3  0      0 240740  15892 486468    0    0     0     0 13324 4524 1 63 36  0  0  0
15  0      0 242164  15892 486500    0    0     0     0 12109 4512 2 54 44  0  0  0
 0  0      0 241492  15900 486540    0    0     0    16 12558 4254 1 67 32  0  0  0
 0  0      0 242460  15900 486576    0    0     0     0 13109 4384 2 60 38  0  0  0
 0  0      0 242972  15900 486604    0    0     0     0 11954 4288 3 52 45  0  0  0
12  0      0 242756  15900 486640    0    0     0     0 12453 4417 2 56 42  0  0  0
 0  0      0 242244  15900 486672    0    0     0     0 12392 4250 2 57 41  0  0  0
 1  0      0 241688  15908 486748    0    0     0    16 11876 4254 2 55 42  1  0  0
13  0      0 240456  15908 486728    0    0     0     4 12172 4368 2 54 44  0  0  0
 0  0      0 242708  15908 486760    0    0     0     0 12779 4374 2 57 41  0  0  0
 0  0      0 241908  15908 486796    0    0     0     0 11979 4379 2 54 44  0  0  0
 4  0      0 242608  15908 486832    0    0     0     0 12476 4338 2 56 42  0  0  0
10  0      0 242320  15916 486860    0    0     0    16 12478 4321 1 57 42  0  0  0
 6  0      0 240000  15916 486896    0    0     0     0 12353 4429 2 56 42  0  0  0
 0  0      0 243328  15916 486928    0    0     0  1012 12464 4479 2 57 41  0  0  0
 5  0      0 242272  15916 486960    0    0     0     0 13055 4381 2 58 40  0  0  0
 0  0      0 239840  15916 486992    0    0     0     0 13345 4400 2 62 36  0  0  0
 3  0      0 243128  15924 487028    0    0     0    36 12350 4300 2 55 42  1  0  0
 2  0      0 242228  15924 487060    0    0     0     0 12720 4349 1 57 42  0  0  0
17  0      0 243284  15924 487096    0    0     0     0 12051 4224 3 55 42  0  0  0
 6  0      0 240948  15924 487124    0    0     0     0 12643 4253 1 60 39  0  0  0
 0  0      0 242452  15924 487160    0    0     0     0 12696 4227 3 58 39  0  0  0
 2  0      0 242644  15932 487188    0    0     0    16 12260 4138 1 57 41  1  0  0
 0  0      0 243580  15932 487224    0    0     0     0 11910 4237 2 54 44  0  0  0
 0  0      0 240668  15932 487264    0    0     0     0 13663 4409 2 63 35  0  0  0
 0  0      0 241776  15932 487296    0    0     0     0 12868 4135 3 58 39  0  0  0
 0  0      0 242652  15932 487328    0    0     0     0 12710 4431 2 60 38  0  0  0
 6  0      0 243708  15940 487360    0    0     0    16 12729 4440 1 58 41  0  0  0
 5  0      0 242076  15940 487392    0    0     0     0 12617 4241 2 58 40  0  0  0
 1  0      0 242564  15940 487428    0    0     0     0 12262 4374 1 54 45  0  0  0
 3  0      0 241732  15940 487456    0    0     0     0 12081 4323 3 54 43  0  0  0
 4  0      0 237924  15940 487492    0    0     0     0 12428 4334 1 57 42  0  0  0
 0  0      0 242736  15948 487524    0    0     0    40 11130 4291 2 51 46  1  0  0
 1  0      0 242628  15948 487556    0    0     0     0 13584 4410 2 64 34  0  0  0
 6  0      0 243504  15948 487588    0    0     0     0 13035 4636 2 60 38  0  0  0
 0  0      0 242008  15948 487620    0    0     0     0 12468 4474 2 57 41  0  0  0
 0  0      0 244376  15948 487652    0    0     0     0 12370 4329 2 57 41  0  0  0
 7  0      0 239896  15956 487692    0    0     0    16 12674 4261 2 58 39  1  0  0
 0  0      0 242744  15956 487760    0    0     0     0 12883 4201 2 61 37  0  0  0
 0  0      0 244888  15956 487728    0    0     0     0 12752 4246 2 59 39  0  0  0
 3  0      0 245036  15956 487760    0    0     0     0 12795 4455 1 58 41  0  0  0
10  0      0 245708  15956 487792    0    0     0     0 13181 4423 2 62 36  0  0  0
 0  0      0 246508  15964 487824    0    0     0    20 12634 4347 2 57 40  1  0  0
 0  0      0 245868  15964 487856    0    0     0     0 12573 4485 2 57 41  0  0  0
 8  0      0 243116  15964 487888    0    0     0     0 13430 4633 1 62 37  0  0  0
 3  0      0 243628  15964 487924    0    0     0  1008 12792 4584 2 60 38  0  0  0
 2  0      0 243060  15964 487952    0    0     0     0 12750 4362 2 57 41  0  0  0
 0  0      0 244500  15972 487988    0    0     0    36 12127 4296 2 55 43  0  0  0
 7  0      0 241580  15972 488060    0    0     0     0 12756 4531 2 57 41  0  0  0
 6  0      0 240992  15972 488052    0    0     0     0 12623 4239 2 59 39  0  0  0
 0  0      0 241836  15972 488084    0    0     0     0 12415 4564 1 57 42  0  0  0
 0  0      0 243244  15972 488116    0    0     0     0 12647 4303 2 60 38  0  0  0
 4  0      0 242156  15980 488148    0    0     0    16 12831 4535 2 57 39  2  0  0
 9  0      0 239136  15980 488180    0    0     0     0 12109 4346 1 55 44  0  0  0
 1  0      0 242408  15980 488212    0    0     0     0 12238 4338 2 56 42  0  0  0
 9  0      0 242248  15980 488248    0    0     0     0 13175 4356 2 61 37  0  0  0
 2  0      0 242292  15980 488280    0    0     0     0 12404 4504 2 55 43  0  0  0
 0  0      0 241888  15988 488312    0    0     0    16 13028 4396 1 59 38  2  0  0
 3  0      0 241164  15988 488344    0    0     0     0 13341 4458 2 60 38  0  0  0
 3  0      0 242252  15988 488376    0    0     0     0 13057 4495 2 59 39  0  0  0
 0  0      0 242648  15988 488408    0    0     0     0 13164 4371 2 60 38  0  0  0
 0  0      0 241540  15988 488440    0    0     0     0 12770 4235 2 64 34  0  0  0
 8  0      0 242444  15996 488472    0    0     0    16 12467 4404 1 59 40  0  0  0
13  0      0 241484  15996 488508    0    0     0     0 12688 4472 2 58 40  0  0  0
 0  0      0 241204  15996 488540    0    0     0     0 12985 4315 2 62 36  0  0  0
 7  0      0 238396  15996 488572    0    0     0     0 13085 4440 2 59 39  0  0  0
 1  0      0 241880  15996 488604    0    0     0     0 12917 4482 2 58 40  0  0  0
 4  0      0 240888  16004 488636    0    0     0    48 12218 4420 2 56 41  1  0  0
 0  0      0 243780  16004 488668    0    0     0     0 12241 4276 2 54 44  0  0  0
 8  0      0 241872  16004 488700    0    0     0     0 12425 4297 1 59 40  0  0  0
16  0      0 241408  16004 488732    0    0     0     0 12960 4468 2 60 38  0  0  0
 2  0      0 241268  16004 488764    0    0     0     0 13012 4245 2 64 34  0  0  0
 5  0      0 241976  16012 488800    0    0     0    16 12009 4231 3 55 41  1  0  0
 0  0      0 242892  16012 488828    0    0     0     0 12388 4656 1 55 44  0  0  0
 4  0      0 241740  16012 488864    0    0     0     0 12691 4451 2 59 39  0  0  0
 0  0      0 242260  16012 488896    0    0     0     0 12661 4193 1 61 38  0  0  0
 8  0      0 240020  16012 488928    0    0     0  1004 12461 4565 2 57 41  0  0  0
 4  0      0 242256  16020 488960    0    0     0    28 12509 4542 2 57 41  0  0  0
 0  0      0 237092  16020 488992    0    0     0     0 13364 4336 2 63 35  0  0  0
 3  0      0 240376  16020 489024    0    0     0     0 12598 4326 2 57 41  0  0  0
 9  0      0 242648  16020 489060    0    0     0     0 12356 4459 2 56 42  0  0  0
 7  0      0 243000  16020 489088    0    0     0     0 12583 4303 2 59 39  0  0  0
 0  0      0 244672  16028 489124    0    0     0    16 12679 4280 2 63 34  1  0  0
 7  0      0 244032  16028 489156    0    0     0     0 12546 4369 1 60 39  0  0  0
 5  0      0 242912  16028 489188    0    0     0     0 12592 4485 2 58 40  0  0  0
11  0      0 244232  16028 489220    0    0     0     0 12971 4414 2 62 36  0  0  0
 0  0      0 245548  16028 489252    0    0     0     0 11743 4222 2 55 43  0  0  0
 6  0      0 243448  16036 489288    0    0     0    16 12549 4518 2 57 41  0  0  0
 0  0      0 243448  16036 489316    0    0     0     0 1934  591  0  5 95  0  0  0
 0  0      0 243448  16036 489316    0    0     0     0 1021   68  0  2 97  1  0  0
 0  0      0 243448  16036 489316    0    0     0     0 1017   58  0  1 99  0  0  0
 0  0      0 243448  16036 489316    0    0     0     0 1014   69  0  1 99  0  0  0
 0  0      0 243448  16044 489308    0    0     0    16 1011   63  0  2 96  2  0  0
 0  0      0 243448  16052 489308    0    0     0  2064 1025   96  0  1 98  1  0  0
 0  0      0 243448  16052 489316    0    0     0     0 1013  153  0  1 99  0  0  0
 0  0      0 243448  16052 489316    0    0     0     0 1013   78  0  2 98  0  0  0
