procs -----------memory---------- ---swap-- -----io---- -system-- -------cpu-------
 r  b   swpd   free   buff  cache   si   so    bi    bo   in   cs us sy id wa st gu
 7  0      0 333180  15592 446000    0    0 59962   965 2481   47  3 26 64  8  0  0
 6  0      0 325768  15592 446052    0    0     0     0 15085 5138 3 82 15  0  0  0
 5  0      0 325208  15592 446096    0    0     0     0 15455 5776 2 75 23  0  0  0
 4  0      0 326920  15592 446140    0    0     0     0 16453 5621 4 81 15  0  0  0
 2  0      0 326664  15592 446184    0    0     0     0 16491 5524 3 80 17  0  0  0
 6  0      0 325912  15600 446216    0    0     0    64 15280 5444 2 75 23  0  0  0
10  0      0 322744  15600 446276    0    0     0     0 15290 5708 3 77 20  0  0  0
 0  0      0 324504  15600 446320    0    0     0     0 15087 5719 3 74 24  0  0  0
 0  0      0 324208  15600 446364    0    0     0     0 16017 5669 2 78 20  0  0  0
 8  0      0 321540  15600 446408    0    0     0     0 15223 5502 2 73 25  0  0  0
 2  0      0 323396  15608 446436    0    0     0    24 15905 5734 3 75 22  0  0  0
 0  0      0 320436  15608 446492    0    0     0     0 16286 5613 2 77 21  0  0  0
 0  0      0 322596  15608 446536    0    0     0     0 15803 5523 3 73 24  0  0  0
 0  0      0 324724  15608 446580    0    0     0     0 15906 5567 3 76 21  0  0  0
10  0      0 325308  15608 446624    0    0     0     0 15777 5639 3 73 24  0  0  0
 7  0      0 322524  15616 446660    0    0     0    16 16340 5441 2 79 19  0  0  0
 0  0      0 324124  15616 446720    0    0     0     0 15586 5575 3 74 23  0  0  0
 3  0      0 322012  15616 446768    0    0     0     0 16057 5574 3 75 22  0  0  0
 5  0      0 318556  15616 446804    0    0     0     0 16145 5359 3 83 14  0  0  0
 7  0      0 320316  15616 446848    0    0     0     0 15126 5223 2 82 16  0  0  0
 5  0      0 321296  15624 446884    0    0     0    16 15436 5521 2 71 25  2  0  0
 9  0      0 323056  15624 446936    0    0     0     0 15884 5529 2 75 23  0  0  0
19  0      0 323736  15624 446980    0    0     0     0 16358 5448 3 76 21  0  0  0
 0  0      0 325600  15624 447024    0    0     0     0 15630 5675 2 72 26  0  0  0
13  0      0 322944  15624 447064    0    0     0     0 15746 5579 2 74 25  0  0  0
 6  0      0 323508  15632 447116    0    0     0    16 16404 5318 3 82 15  0  0  0
 1  0      0 324212  15632 447152    0    0     0     0 16148 5468 2 77 21  0  0  0
12  0      0 316192  15632 447192    0    0     0   208 16067 5637 3 74 23  0  0  0
 6  0      0 314088  15632 447244    0    0     0  4656 16338 5919 2 78 20  0  0  0
 0  0      0 317032  15632 447280    0    0     0    44 15884 5749 3 77 20  0  0  0
12  0      0 310984  15644 447312    0    0     0    80 16484 5712 2 80 18  0  0  0
 7  0      0 313076  15644 447372    0    0     0     4 15650 5600 3 76 21  0  0  0
 0  0      0 314164  15644 447412    0    0     0     0 15050 5616 2 69 29  0  0  0
 0  0      0 316852  15644 447468    0    0     0     0 14133 5442 3 65 32  0  0  0
14  0      0 317340  15644 447504    0    0     0  1464 14922 5737 2 67 31  0  0  0
 5  0      0 316688  15652 447544    0    0     0    36 15351 5513 2 74 24  0  0  0
 0  0      0 315908  15652 447600    0    0     0     0 14605 5397 3 69 28  0  0  0
 0  0      0 305432  15652 447644    0    0     0     0 15348 5454 3 76 21  0  0  0
10  0      0 302660  15652 447680    0    0     0     0 16720 5529 2 80 18  0  0  0
 9  0      0 303596  15652 447728    0    0     0     0 16483 5280 3 79 18  0  0  0
 0  0      0 299156  15660 447764    0    0     0    16 15403 5494 3 73 23  1  0  0
 1  0      0 301084  15660 447820    0    0     0     0 15921 5715 2 78 20  0  0  0
 9  0      0 304212  15660 447856    0    0     0     0 16157 5540 2 75 23  0  0  0
 3  0      0 298552  15660 447900    0    0     0     0 16839 5504 3 82 15  0  0  0
 4  0      0 300704  15660 447956    0    0     0     0 16176 5554 2 76 22  0  0  0
 4  0      0 301064  15668 447984    0    0     0    16 16371 5511 3 80 17  0  0  0
 3  0      0 302872  15668 448036    0    0     0     0 15341 5335 2 73 25  0  0  0
 0  0      0 288216  15668 448092    0    0     0     0 16159 5564 3 77 20  0  0  0
 0  0      0 286680  15668 448128    0    0     0     0 16018 5500 3 78 19  0  0  0
 2  0      0 288116  15668 448184    0    0     0     0 16283 5328 2 79 19  0  0  0
 2  0      0 288288  15676 448212    0    0     0    16 15326 5479 3 78 18  1  0  0
 0  0      0 287340  15676 448264    0    0     0     0 16505 5592 2 79 19  0  0  0
 3  0      0 288940  15676 448316    0    0     0     0 15265 5769 2 70 28  0  0  0
 6  0      0 282908  15676 448352    0    0     0     0 15703 5626 3 74 23  0  0  0
 1  0      0 285684  15676 448400    0    0     0     0 16089 5570 3 78 19  0  0  0
 5  0      0 285824  15684 448448    0    0     0    20 16604 5668 3 84 13  0  0  0
 9  0      0 286056  15684 448484    0    0     0     0 15662 5424 2 78 20  0  0  0
 5  0      0 282344  15684 450568    0    0  2032     0 15277 5729 2 71 26  1  0  0
 5  0      0 280988  15684 450604    0    0     0   168 16052 5637 3 75 22  0  0  0
 1  0      0 279976  15684 450648    0    0     0     0 16204 5577 2 78 20  0  0  0
 2  0      0 281604  15692 450704    0    0     0    16 15020 5616 4 69 27  0  0  0
 6  0      0 283468  15692 450740    0    0     0    72 14762 5570 2 72 26  0  0  0
 3  0      0 285216  15692 450784    0    0     0     8 14742 5657 4 67 29  0  0  0
 6  0      0 281736  15692 450836    0    0     0     0 15575 5607 3 73 24  0  0  0
 2  0      0 283988  15692 450872    0    0     0  1336 16466 5486 3 79 18  0  0  0
 5  0      0 280160  15700 450924    0    0     0    36 15821 5414 2 77 21  0  0  0
 0  0      0 281920  15700 450968    0    0     0     0 16584 5513 2 80 18  0  0  0
12  0      0 273728  15700 452656    0    0  1612     0 16456 5500 4 80 15  1  0  0
 3  0      0 276416  15700 452668    0    0     0     0 16767 5445 2 83 15  0  0  0
 4  0      0 278464  15700 452704    0    0     0     0 15271 5437 3 75 23  0  0  0
10  0      0 280136  15708 452740    0    0     0    16 15676 5791 3 74 23  0  0  0
16  0      0 281864  15708 452808    0    0     0     0 15538 5622 3 74 23  0  0  0
 9  0      0 281672  15708 452844    0    0     0     0 16053 5640 3 76 21  0  0  0
 5  0      0 282824  15708 452892    0    0     0     0 15738 5605 2 74 24  0  0  0
 4  0      0 284240  15708 452936    0    0     0     0 15555 5626 3 72 25  0  0  0
13  0      0 283224  15716 452964    0    0     0    16 15684 6020 2 74 24  0  0  0
 7  0      0 283896  15716 453028    0    0     0     0 15252 5491 2 76 22  0  0  0
 3  0      0 281400  15716 453064    0    0     0     0 15736 5533 2 75 23  0  0  0
 1  0      0 274980  15716 453508    0    0   392     0 15342 5717 3 71 26  0  0  0
 8  0      0 270692  15716 453548    0    0     0     0 16114 5420 2 80 18  0  0  0
 4  0      0 273600  15724 453576    0    0     0    16 15561 5662 2 76 21  1  0  0
 0  0      0 273004  15724 453640    0    0     0     0 15661 5578 3 77 20  0  0  0
 2  0      0 272608  15724 453684    0    0     0     0 16836 5161 3 85 12  0  0  0
 6  0      0 273680  15724 453720    0    0     0     0 15523 5469 3 74 23  0  0  0
 2  0      0 272576  15724 453768    0    0     0     4 15234 5358 3 73 24  0  0  0
 3  0      0 272584  15732 453824    0    0     0    16 15543 5305 3 76 20  1  0  0
 0  0      0 271472  15732 453860    0    0     0     0 16256 5482 2 79 19  0  0  0
10  0      0 274224  15732 453908    0    0     0     0 15453 5674 3 74 24  0  0  0
 0  0      0 269480  15732 454080    0    0   120     0 16052 5518 2 78 20  0  0  0
12  0      0 271444  15732 454116    0    0     0     0 15609 5528 2 73 25  0  0  0
 5  0      0 271544  15740 454160    0    0     0    16 15898 5404 2 77 21  0  0  0
12  0      0 271032  15740 454196    0    0     0     0 15947 5288 3 82 15  0  0  0
 6  0      0 272440  15740 454248    0    0     0     0 15920 5602 2 78 20  0  0  0
 6  0      0 273632  15740 454292    0    0     0     0 15301 5443 3 73 25  0  0  0
 0  0      0 269920  15740 454328    0    0     0     4 16030 5552 2 79 19  0  0  0
15  0      0 272412  15748 454380    0    0     0  1364 15770 5460 3 76 21  0  0  0
 0  0      0 272980  15748 454436    0    0     0    20 15670 5377 3 77 20  0  0  0
10  0      0 271036  15748 454476    0    0     0     0 15475 5431 3 73 24  0  0  0
 0  0      0 270444  15748 455188    0    0   668     0 16171 5620 2 78 19  1  0  0
10  0      0 271532  15748 455224    0    0     0     0 15595 5411 3 75 22  0  0  0
 0  0      0 272360  15756 455276    0    0     0    16 15694 5472 3 75 22  0  0  0
 9  0      0 272116  15756 455324    0    0     0     0 15793 5511 2 77 21  0  0  0
 0  0      0 274236  15756 455360    0    0     0     0 15523 5559 2 75 23  0  0  0
12  0      0 272932  15756 455412    0    0     0     0 16108 5328 3 81 16  0  0  0
 2  0      0 273452  15756 455456    0    0     0     0 14654 5363 3 74 23  0  0  0
 6  0      0 273772  15764 455496    0    0     0    16 15777 5480 2 75 22  1  0  0
16  0      0 271828  15764 455540    0    0     0     0 15822 5381 3 81 16  0  0  0
 8  0      0 275264  15764 455576    0    0     0     0 15111 5617 3 71 26  0  0  0
11  0      0 265908  15764 456552    0    0   916     0 15608 5537 3 76 21  0  0  0
10  0      0 268248  15764 456596    0    0     0     0 15490 5405 2 77 21  0  0  0
 0  0      0 267588  15772 456624    0    0     0    16 15116 5287 3 73 24  0  0  0
11  0      0 269800  15772 456680    0    0     0     0 15587 5475 2 77 21  0  0  0
 4  0      0 269756  15772 456728    0    0     0     0 16351 5499 3 79 18  0  0  0
15  0      0 269820  15772 456772    0    0     0     0 16122 5359 4 76 20  0  0  0
 0  0      0 269412  15772 456816    0    0     0     0 15847 5624 2 77 21  0  0  0
 6  0      0 268588  15780 456860    0    0     0    20 15561 5481 3 76 21  0  0  0
 7  0      0 268008  15780 456900    0    0     0     0 16466 5508 3 82 15  0  0  0
 7  0      0 269344  15780 456952    0    0     0     0 16200 5389 4 79 17  0  0  0
 1  0      0 268424  15780 456988    0    0     0     0 16503 5706 3 80 17  0  0  0
 0  0      0 262836  15780 462404    0    0  5376     0 15221 5534 2 77 20  1  0  0
 2  0      0 265396  15788 462448    0    0     0    16 16101 5459 3 79 18  0  0  0
 6  0      0 267596  15788 462492    0    0     0     0 15613 5445 2 78 20  0  0  0
 2  0      0 264588  15788 462536    0    0     0     0 14985 5144 3 74 23  0  0  0
 4  0      0 266476  15788 462588    0    0     0     0 15496 5466 2 76 22  0  0  0
 0  0      0 266604  15788 462628    0    0     0     0 15720 5402 2 80 18  0  0  0
 3  0      0 268500  15796 462672    0    0     0    24 14765 5277 2 72 25  1  0  0
 0  0      0 266516  15796 462716    0    0     0  1336 14572 5397 3 74 23  0  0  0
 6  0      0 266868  15796 462760    0    0     0     0 15915 5413 2 77 21  0  0  0
 5  0      0 265852  15796 462808    0    0     0     0 16024 5344 3 79 18  0  0  0
 2  0      0 263376  15796 462924    0    0    92     0 15850 5403 3 78 19  0  0  0
 8  0      0 264144  15804 462968    0    0     0    36 15211 5501 3 71 26  0  0  0
 5  0      0 263964  15804 463012    0    0     0    24 15698 5603 3 74 23  0  0  0
 5  0      0 263052  15804 463056    0    0     0     0 15051 5437 3 69 28  0  0  0
 7  0      0 262584  15804 463108    0    0     0     0 16551 5236 2 83 15  0  0  0
 6  0      0 263028  15804 463152    0    0     0     0 16002 5165 2 80 18  0  0  0
 9  0      0 262860  15812 463192    0    0     0    16 15486 5322 3 75 22  0  0  0
 0  0      0 266068  15812 463240    0    0     0     0 16234 5308 3 81 16  0  0  0
 0  0      0 262576  15812 463280    0    0     0     0 15476 5530 3 76 21  0  0  0
 8  0      0 264264  15812 463324    0    0     0     0 15144 5727 2 70 28  0  0  0
22  0      0 257348  15812 471556    0    0  8192     0 16568 5519 3 80 15  2  0  0
 5  0      0 256644  15820 471600    0    0     0    16 15683 5627 3 75 22  0  0  0
 5  0      0 259472  15820 471644    0    0     0     0 16193 5581 2 80 18  0  0  0
 0  0      0 257052  15820 471688    0    0     0     0 15045 5465 3 72 25  0  0  0
22  0      0 254632  15820 471728    0    0     0     0 15982 4999 3 80 17  0  0  0
 4  0      0 256020  15820 471780    0    0     0     4 15517 5566 2 75 23  0  0  0
 4  0      0 257776  15828 471828    0    0     0    16 15588 5377 2 76 22  0  0  0
 2  0      0 255952  15828 471872    0    0     0     0 16639 5393 4 81 15  0  0  0
 5  0      0 256496  15828 471916    0    0     0     0 15683 5469 2 73 25  0  0  0
 0  0      0 256412  15828 471956    0    0     0     0 15769 5685 2 75 23  0  0  0
 5  0      0 250368  15828 475088    0    0  3080     0 15294 5749 2 71 25  2  0  0
 7  0      0 248496  15836 475132    0    0     0    16 17108 5385 2 87 11  0  0  0
 8  0      0 250432  15836 475172    0    0     0     0 15583 5436 3 73 24  0  0  0
 5  0      0 250640  15836 475216    0    0     0     0 15468 5497 3 75 22  0  0  0
 8  0      0 251480  15836 475260    0    0     0     0 15325 5493 3 75 22  0  0  0
 4  0      0 250196  15836 475304    0    0     0     0 16093 5587 2 78 20  0  0  0
 8  0      0 250280  15844 475352    0    0     0    16 15783 5421 3 78 19  0  0  0
 7  0      0 250572  15844 475392    0    0     0  1344 16317 5465 2 81 17  0  0  0
 5  0      0 253176  15844 475436    0    0     0     0 15663 5586 2 73 25  0  0  0
 8  0      0 253016  15844 475480    0    0     0     0 15658 5385 3 76 21  0  0  0
10  0      0 253976  15844 475524    0    0     0     0 16139 5613 3 73 24  0  0  0
 4  0      0 235884  15852 489124    0    0 13556    36 15777 5308 2 78 18  2  0  0
 4  0      0 236728  15852 489164    0    0     0     0 15817 5450 2 78 20  0  0  0
 0  0      0 236552  15852 489208    0    0     0     0 15707 5306 3 77 20  0  0  0
13  0      0 237112  15852 489252    0    0     0     0 16256 5454 3 81 16  0  0  0
 5  0      0 239168  15852 489296    0    0     0     0 15165 5604 3 70 27  0  0  0
 8  0      0 238664  15860 489344    0    0     0    16 14724 5428 3 75 22  0  0  0
 4  0      0 239624  15860 489388    0    0     0    20 16472 5458 2 81 17  0  0  0
 1  0      0 236180  15860 489428    0    0     0     0 16169 5490 2 79 19  0  0  0
 0  0      0 237756  15860 489472    0    0     0     0 16149 5752 2 77 21  0  0  0
 2  0      0 238956  15860 489516    0    0     0     0 15610 5421 3 75 22  0  0  0
 2  0      0 236392  15868 490272    0    0   720    16 16491 5542 3 80 17  0  0  0
12  0      0 236228  15868 490324    0    0     0     0 15976 5434 3 74 23  0  0  0
 0  0      0 236184  15868 490368    0    0     0     0 15681 5458 2 77 21  0  0  0
 1  0      0 235704  15868 490412    0    0     0     0 15711 5552 3 73 24  0  0  0
 2  0      0 237336  15868 490456    0    0     0     0 15549 5667 3 74 23  0  0  0
11  0      0 236260  15876 490496    0    0     0    20 15467 5647 2 72 24  2  0  0
10  0      0 237504  15876 490544    0    0     0     0 16593 5379 3 79 18  0  0  0
 5  0      0 238348  15876 490588    0    0     0     0 15959 5454 3 78 19  0  0  0
 5  0      0 237140  15876 490632    0    0     0     0 16183 5683 2 76 22  0  0  0
14  0      0 235488  15876 490676    0    0     0     0 15598 5557 3 76 21  0  0  0
 2  0      0 235740  15884 490700    0    0     0    16 14795 5595 2 71 27  0  0  0
 1  0      0 233720  15884 490752    0    0     0     0 15584 5192 3 74 23  0  0  0
 6  0      0 235332  15884 490800    0    0     0     0 15853 5446 2 79 19  0  0  0
 7  0      0 236880  15884 490840    0    0     0     0 15378 5373 3 70 27  0  0  0
14  0      0 235728  15884 490884    0    0     0     0 15583 5300 2 79 19  0  0  0
 6  0      0 237040  15892 490924    0    0     0    16 15954 5408 3 76 21  0  0  0
 5  0      0 237136  15892 490972    0    0     0     0 15274 5370 2 75 23  0  0  0
15  0      0 235772  15892 491020    0    0     0  1340 15971 5474 2 76 22  0  0  0
14  0      0 237596  15892 491060    0    0     0     0 16085 5482 3 76 21  0  0  0
 1  0      0 238016  15892 491104    0    0     0     0 15246 5461 2 70 28  0  0  0
 7  0      0 231076  15900 495748    0    0  4608    28 15887 5494 2 78 19  1  0  0
18  0      0 231092  15900 495792    0    0     0     0 15362 5418 2 74 24  0  0  0
 4  0      0 230696  15900 495840    0    0     0     0 16185 5575 3 76 21  0  0  0
 0  0      0 230800  15900 495880    0    0     0     0 16141 5333 3 82 15  0  0  0
 0  0      0 231120  15900 495928    0    0     0     0 15670 5342 2 77 21  0  0  0
19  0      0 230480  15908 495972    0    0     0    16 16235 5306 2 81 17  0  0  0
 9  0      0 230904  15908 496016    0    0     0     0 15912 5458 3 75 22  0  0  0
 4  0      0 230680  15908 496068    0    0     0     0 16311 5296 2 79 19  0  0  0
 0  0      0 231848  15908 496112    0    0     0     0 16229 5558 3 75 22  0  0  0
20  0      0 231048  15908 496152    0    0     0     0 15663 5425 3 73 24  0  0  0
 3  0      0 234100  15916 496196    0    0     0    16 16489 5445 2 77 20  1  0  0
 0  0      0 229096  15916 496240    0    0     0    16 15680 5522 2 76 22  0  0  0
 1  0      0 230504  15916 496284    0    0     0     0 16393 5379 3 84 13  0  0  0
11  0      0 230484  15916 496332    0    0     0     0 16340 5396 3 81 16  0  0  0
 1  0      0 231700  15916 496376    0    0     0     4 16676 5549 2 81 17  0  0  0
 0  0      0 230484  15924 496420    0    0     0    16 16548 5489 2 80 18  0  0  0
 0  0      0 231520  15924 496464    0    0     0     0 15930 5118 3 76 21  0  0  0
 9  0      0 226864  15924 496504    0    0     0     0 16532 5210 3 81 16  0  0  0
 5  0      0 230192  15924 496556    0    0     0     0 15779 5714 2 74 24  0  0  0
 5  0      0 231048  15924 496596    0    0     0     0 16712 5350 3 85 12  0  0  0
 3  0      0 231484  15932 496644    0    0     0    16 16003 5572 2 78 19  1  0  0
 9  0      0 233220  15932 496688    0    0     0     0 15999 5554 3 75 22  0  0  0
15  0      0 232964  15932 496728    0    0     0     0 16083 5491 3 76 21  0  0  0
 0  0      0 234380  15932 496776    0    0     0     0 15815 5526 2 74 24  0  0  0
 8  0      0 234636  15932 496824    0    0     0     0 15414 5415 3 74 23  0  0  0
 5  0      0 231052  15940 496864    0    0     0    16 15298 5604 2 72 26  0  0  0
 8  0      0 231532  15940 496908    0    0     0     0 15932 5501 3 75 23  0  0  0
 1  0      0 231124  15940 496948    0    0     0     0 16923 5408 3 82 15  0  0  0
 2  0      0 232660  15940 496992    0    0     0  1344 15438 5300 2 77 21  0  0  0
23  0      0 231412  15940 497044    0    0     0     0 16023 5241 3 79 18  0  0  0
13  0      0 231508  15948 497088    0    0     0    36 17155 5478 3 85 12  0  0  0
 0  0      0 232628  15948 497132    0    0     0     0 15049 5442 2 74 24  0  0  0
 4  0      0 230996  15948 497176    0    0     0     0 15542 5379 3 75 22  0  0  0
10  0      0 232468  15948 497220    0    0     0     0 15185 5420 2 73 25  0  0  0
 3  0      0 233208  15948 497268    0    0     0     0 14859 5395 2 72 26  0  0  0
 3  0      0 233420  15956 497308    0    0     0    16 16120 5412 3 79 17  1  0  0
 2  0      0 231132  15956 497352    0    0     0     0 15653 5351 2 76 22  0  0  0
 8  0      0 234320  15956 497396    0    0     0     0 15382 5387 3 76 21  0  0  0
12  0      0 229212  15956 497440    0    0     0     0 16585 5605 2 85 13  0  0  0
 3  0      0 231036  15956 497488    0    0     0     0 15637 5422 3 76 21  0  0  0
 0  0      0 232064  15964 497532    0    0     0    16 16058 5487 4 79 17  0  0  0
 4  0      0 226848  15964 497572    0    0     0     0 16671 5371 2 85 13  0  0  0
 0  0      0 228700  15964 497616    0    0     0     0 16028 5401 2 77 21  0  0  0
 0  0      0 229816  15964 497660    0    0     0     0 15767 5478 3 76 21  0  0  0
 2  0      0 228856  15964 497704    0    0     0     0 14873 5399 2 69 29  0  0  0
 2  0      0 230284  15972 497748    0    0     0    20 14985 5447 3 71 26  0  0  0
 3  0      0 230764  15972 497788    0    0     0    24 15726 5607 3 77 20  0  0  0
 0  0      0 228908  15972 497836    0    0     0     0 15219 5400 3 75 22  0  0  0
 1  0      0 230584  15972 497880    0    0     0     0 15504 5405 3 76 21  0  0  0
 3  0      0 230592  15972 497920    0    0     0     0 15939 5389 3 78 19  0  0  0
12  0      0 229020  15980 497964    0    0     0    16 16718 5277 2 85 13  0  0  0
13  0      0 225188  15980 498044    0    0     0     0 16866 5428 3 83 14  0  0  0
 3  0      0 229064  15980 498040    0    0     0     0 16117 5623 2 77 21  0  0  0
 0  0      0 229160  15980 498084    0    0     0     0 16014 5499 2 78 20  0  0  0
 2  0      0 230164  15980 498124    0    0     0     0 16090 5333 3 77 20  0  0  0
 5  0      0 230724  15988 498168    0    0     0    16 15472 5313 3 74 23  0  0  0
 1  0      0 228652  15988 498212    0    0     0     0 15564 5363 2 75 23  0  0  0
 0  0      0 229988  15988 498256    0    0     0     0 16048 5364 3 77 20  0  0  0
 5  0      0 230380  15988 498300    0    0     0     0 15926 5675 2 75 23  0  0  0
 1  0      0 229080  15988 498340    0    0     0  1344 15915 5632 3 74 23  0  0  0
 0  0      0 228928  15996 498384    0    0     0    36 16001 5384 4 76 20  0  0  0
 0  0      0 230080  15996 498432    0    0     0     0 15407 5271 2 77 21  0  0  0
18  0      0 227956  15996 498464    0    0     0     0 15548 5475 3 74 23  0  0  0
 0  0      0 228096  15996 498508    0    0     0     0 15899 5450 3 79 18  0  0  0
 2  0      0 227304  15996 498552    0    0     0     0 15189 5456 2 75 23  0  0  0
 7  0      0 224520  16004 498592    0    0     0    16 16153 5172 3 78 19  0  0  0
 9  0      0 228120  16004 498640    0    0     0     0 16181 5482 2 79 19  0  0  0
10  0      0 226616  16004 498680    0    0     0     0 16309 5362 3 79 18  0  0  0
 0  0      0 230828  16004 498724    0    0     0     0 16118 5392 4 79 17  0  0  0
 6  0      0 229520  16004 498768    0    0     0     0 15832 5427 2 76 22  0  0  0
 9  0      0 228800  16012 498812    0    0     0    16 15738 5510 2 73 23  2  0  0
 1  0      0 230176  16012 498856    0    0     0     0 15570 5511 3 74 24  0  0  0
 4  0      0 228996  16012 498900    0    0     0     0 15989 5409 3 78 19  0  0  0
 0  0      0 227184  16012 498940    0    0     0     0 15332 5344 2 76 22  0  0  0
16  0      0 228720  16012 498984    0    0     0     4 15223 5064 3 81 16  0  0  0
 2  0      0 227704  16020 499028    0    0     0    16 15222 5460 3 72 25  0  0  0
 0  0      0 227652  16020 499072    0    0     0     0 16036 5455 3 79 18  0  0  0
 8  0      0 228240  16020 499116    0    0     0     0 16210 5409 2 80 18  0  0  0
 2  0      0 228912  16020 499156    0    0     0     0 15342 5642 3 72 25  0  0  0
 5  0      0 229232  16020 499200    0    0     0     0 15483 5434 2 76 22  0  0  0
 2  0      0 227252  16028 499244    0    0     0    16 16118 5476 2 78 20  0  0  0
 0  0      0 227748  16028 499288    0    0     0    20 15198 5385 3 73 24  0  0  0
11  0      0 230028  16028 499332    0    0     0     0 15597 5611 2 73 25  0  0  0
 4  0      0 227992  16028 499372    0    0     0     0 17141 5214 3 87 10  0  0  0
 4  0      0 230240  16028 499416    0    0     0     0 16042 5463 2 77 21  0  0  0
 0  0      0 230336  16036 499464    0    0     0    16 15548 5394 3 74 23  0  0  0
 8  0      0 229232  16036 499504    0    0     0     0 15490 5411 2 73 25  0  0  0
 0  0      0 227616  16036 499548    0    0     0     0 16225 5351 2 80 18  0  0  0
 4  0      0 228332  16036 499592    0    0     0     0 14765 5411 3 71 26  0  0  0
 4  0      0 229484  16036 499636    0    0     0  1336 15344 5371 3 73 24  0  0  0
 7  0      0 229300  16044 499680    0    0     0    32 16023 5517 2 79 19  0  0  0
 2  0      0 228180  16044 499720    0    0     0     0 16023 5406 3 81 16  0  0  0
16  0      0 226524  16044 499764    0    0     0     0 16376 5225 3 84 13  0  0  0
 3  0      0 227676  16044 499808    0    0     0     0 15655 5361 3 76 21  0  0  0
12  0      0 229452  16044 499852    0    0     0     0 15634 5514 3 75 22  0  0  0
 5  0      0 228692  16052 499896    0    0     0    16 16057 5635 3 78 19  0  0  0
12  0      0 227100  16052 499940    0    0     0     0 15894 5440 2 77 21  0  0  0
12  0      0 229532  16052 499980    0    0     0     0 16392 5557 3 75 22  0  0  0
 0  0      0 229996  16052 500028    0    0     0     0 15547 5633 3 74 23  0  0  0
 4  0      0 226124  16052 500068    0    0     0     0 15432 5549 3 71 26  0  0  0
13  0      0 225580  16060 500112    0    0     0    16 15535 5408 2 72 26  0  0  0
 0  0      0 227820  16060 500160    0    0     0     0 14309 4939 3 68 29  0  0  0
 0  0      0 227820  16060 500160    0    0     0     0 1010   98  0  1 99  0  0  0
 0  0      0 227820  16060 500160    0    0     0     0 1010   71  0  2 97  1  0  0
 0  0      0 227820  16060 500160    0    0     0     0 1012   63  0  1 99  0  0  0
 0  0      0 227820  16060 500160    0    0     0     0 1012   62  0  1 99  0  0  0
 0  0      0 227820  16076 500152    0    0     0  2080 1025   98  0  2 95  3  0  0
 0  0      0 227820  16076 500160    0    0     0     0 1013   84  0  1 99  0  0  0
 0  0      0 227820  16076 500160    0    0     0     0 1013  138  0  2 98  0  0  0
 0  0      0 227820  16076 500160    0    0     0     0 1013   81  0  1 99  0  0  0
