procs -----------memory---------- ---swap-- -----io---- -system-- -------cpu-------
 r  b   swpd   free   buff  cache   si   so    bi    bo   in   cs us sy id wa st gu
 0  0      0 337892  15380 442052    0    0 61718   937 2072   45  2 22 67  8  0  0
 7  0      0 328608  15580 442544    0    0   108     0 12288 4176 2 57 40  1  0  0
19  0      0 327096  15580 442572    0    0     0     0 12134 4329 3 56 41  0  0  0
 0  0      0 329080  15580 442616    0    0     0     0 12426 4331 2 61 37  0  0  0
 0  0      0 328920  15580 442648    0    0     0     0 10890 4040 2 55 43  0  0  0
 4  0      0 330432  15588 442672    0    0     0    64 12447 4351 2 60 38  0  0  0
 0  0      0 327368  15588 442760    0    0     0     0 11674 4291 2 55 43  0  0  0
 0  0      0 325752  15588 442748    0    0     0     0 13789 4282 3 67 30  0  0  0
 4  0      0 324004  15588 442776    0    0     0     0 12814 4415 2 61 37  0  0  0
14  0      0 323588  15588 442808    0    0     0     0 13382 4255 2 64 34  0  0  0
 2  0      0 325380  15596 442864    0    0     0    24 13463 4345 2 64 33  1  0  0
 0  0      0 324260  15596 442876    0    0     0     0 12787 4225 2 59 39  0  0  0
 2  0      0 323460  15596 442908    0    0     0     0 13553 4306 2 63 35  0  0  0
 0  0      0 324140  15596 442940    0    0     0     0 11979 4260 1 59 40  0  0  0
 3  0      0 325272  15596 442972    0    0     0     0 12578 4400 2 57 41  0  0  0
 0  0      0 324160  15604 442996    0    0     0    16 11783 4285 2 54 44  0  0  0
10  0      0 324512  15604 443036    0    0     0     0 12722 4140 2 60 38  0  0  0
 0  0      0 324928  15604 443072    0    0     0     0 12675 4228 2 63 35  0  0  0
 0  0      0 325888  15604 443100    0    0     0     0 11387 3981 1 54 45  0  0  0
 5  0      0 325492  15604 443140    0    0     0     0 12518 4365 2 58 40  0  0  0
11  0      0 324916  15612 443164    0    0     0    16 12251 4100 3 56 39  2  0  0
15  0      0 324800  15612 443204    0    0     0     0 12599 4181 1 60 39  0  0  0
 0  0      0 323488  15612 443236    0    0     0     0 13684 4298 2 62 36  0  0  0
 5  0      0 325064  15612 443268    0    0     0     0 11927 4136 2 57 41  0  0  0
14  0      0 323880  15612 443300    0    0     0     0 12181 4335 2 56 42  0  0  0
 0  0      0 325760  15620 443324    0    0     0    16 12787 4222 1 60 39  0  0  0
11  0      0 325664  15620 443372    0    0     0     0 12174 4342 2 54 44  0  0  0
 3  0      0 314176  15620 443440    0    0     0   220 12263 4284 2 56 42  0  0  0
 0  0      0 314932  15620 443440    0    0     0  4660 12075 4472 2 58 40  0  0  0
 0  0      0 317392  15620 443468    0    0     0    44 12300 4433 3 56 41  0  0  0
 6  0      0 317392  15632 443524    0    0     0    64 12278 4321 1 56 43  0  0  0
 4  0      0 316464  15632 443532    0    0     0     4 12271 4138 2 59 39  0  0  0
 0  0      0 314320  15632 443564    0    0     0     0 11964 4036 2 60 38  0  0  0
 0  0      0 316144  15632 443604    0    0     0     0 12235 4269 2 57 41  0  0  0
 2  0      0 317168  15632 443632    0    0     0  1096 12013 4240 2 54 44  0  0  0
 0  0      0 316016  15640 443692    0    0     0    36 12747 4313 1 59 39  1  0  0
 0  0      0 317276  15640 443700    0    0     0     0 12273 4268 2 53 45  0  0  0
 0  0      0 308252  15640 443772    0    0     0     0 11942 4097 1 56 43  0  0  0
 5  0      0 308284  15640 443764    0    0     0     0 13150 4416 1 60 39  0  0  0
 0  0      0 308904  15640 443796    0    0     0     0 11544 4147 2 49 48  0  0  0
 6  0      0 307464  15648 443828    0    0     0    16 12686 4187 2 57 40  1  0  0
 4  0      0 308720  15648 443868    0    0     0     0 12961 4215 1 60 39  0  0  0
10  0      0 307148  15648 443900    0    0     0     0 12742 4297 2 57 41  0  0  0
 0  0      0 308568  15648 443936    0    0     0     0 12911 4339 2 60 38  0  0  0
 0  0      0 309784  15648 443968    0    0     0     0 12165 4026 1 55 44  0  0  0
 2  0      0 308900  15656 443992    0    0     0    20 12324 4320 2 55 42  1  0  0
 0  0      0 309084  15656 444032    0    0     0     0 12568 4118 3 57 40  0  0  0
 5  0      0 289724  15656 444072    0    0     0     0 12901 4217 2 64 34  0  0  0
 7  0      0 290980  15656 444104    0    0     0     0 11123 4074 2 54 44  0  0  0
 5  0      0 293436  15656 444136    0    0     0     0 12581 4241 2 59 39  0  0  0
 0  0      0 293052  15664 444160    0    0     0    16 12214 4361 2 56 42  0  0  0
 3  0      0 291484  15664 444200    0    0     0     0 12812 4100 2 59 39  0  0  0
 4  0      0 292828  15664 444236    0    0     0     0 11888 4331 1 53 46  0  0  0
 0  0      0 294116  15664 444268    0    0     0     0 12581 4224 2 59 39  0  0  0
 0  0      0 293424  15664 444308    0    0     0     0 12472 4270 2 56 42  0  0  0
 5  0      0 291696  15672 444332    0    0     0    16 11957 4265 1 56 43  0  0  0
17  0      0 292644  15672 444372    0    0     0     0 12730 4252 3 57 40  0  0  0
 0  0      0 284340  15672 446456    0    0  2032     0 12734 4226 2 61 37  0  0  0
 3  0      0 282980  15672 446468    0    0     0     0 11995 4285 2 55 43  0  0  0
 4  0      0 284708  15672 446500    0    0     0     0 12713 4422 2 57 41  0  0  0
 0  0      0 284068  15680 446528    0    0     0    16 12552 4212 1 59 39  1  0  0
 5  0      0 281164  15680 446568    0    0     0    56 13333 4290 2 61 37  0  0  0
 7  0      0 282776  15680 446604    0    0     0     0 12237 4261 2 56 42  0  0  0
 5  0      0 282200  15680 446636    0    0     0     8 12216 4285 2 57 41  0  0  0
 0  0      0 282744  15680 446668    0    0     0     0 12759 4233 2 59 39  0  0  0
 0  0      0 282176  15688 446692    0    0     0  1036 12719 4080 2 59 38  1  0  0
 0  0      0 283588  15688 446732    0    0     0     0 12247 4326 3 55 42  0  0  0
10  0      0 285712  15688 446764    0    0     0     0 12065 4116 1 57 42  0  0  0
 9  0      0 284560  15688 446804    0    0     0     0 11932 4323 2 53 45  0  0  0
 3  0      0 283696  15688 446836    0    0     0     0 12393 4254 2 57 41  0  0  0
14  0      0 283792  15696 446860    0    0     0    16 12393 4242 2 57 40  1  0  0
 4  0      0 286160  15696 446900    0    0     0     0 12151 4234 2 55 43  0  0  0
 0  0      0 281124  15696 446932    0    0     0     4 12237 3969 1 59 40  0  0  0
 9  0      0 281924  15696 446964    0    0     0     0 12784 4399 3 59 38  0  0  0
 0  0      0 281452  15696 446996    0    0     0     0 12950 4061 1 61 38  0  0  0
 1  0      0 283544  15704 447028    0    0     0    16 12555 4098 3 58 39  0  0  0
 0  0      0 283928  15704 447068    0    0     0     0 12037 4327 1 54 45  0  0  0
12  0      0 280088  15704 447100    0    0     0     0 11472 4196 3 56 41  0  0  0
 0  0      0 279040  15704 448784    0    0  1612     0 13209 4474 2 63 33  2  0  0
 0  0      0 279424  15704 448780    0    0     0     0 12614 4146 2 57 41  0  0  0
 0  0      0 282112  15712 448804    0    0     0    16 12657 4191 3 57 40  0  0  0
14  0      0 282624  15712 448844    0    0     0     0 11822 4174 2 54 44  0  0  0
10  0      0 281536  15712 448880    0    0     0     0 12925 4202 1 60 39  0  0  0
 0  0      0 282592  15712 448912    0    0     0     0 12436 4198 2 60 38  0  0  0
 3  0      0 283232  15712 448944    0    0     0     0 12715 4216 2 62 36  0  0  0
 0  0      0 282236  15720 449004    0    0     0    16 13033 4356 2 61 37  0  0  0
 0  0      0 283612  15720 449012    0    0     0     0 12416 4035 2 59 39  0  0  0
 9  0      0 284316  15720 449044    0    0     0     0 12675 4372 2 57 41  0  0  0
 7  0      0 271344  15720 449636    0    0   512     0 12375 4108 2 59 37  2  0  0
 0  0      0 271320  15720 449628    0    0     0     0 13096 4134 2 60 38  0  0  0
 0  0      0 277364  15728 449652    0    0     0    16 12648 4462 2 59 39  0  0  0
 3  0      0 276296  15728 449692    0    0     0     0 13393 4395 1 63 36  0  0  0
 7  0      0 277032  15728 449724    0    0     0     0 13353 4211 2 63 35  0  0  0
 0  0      0 277744  15728 449756    0    0     0     0 12542 3977 2 59 39  0  0  0
 0  0      0 278960  15728 449792    0    0     0     4 12819 4375 2 60 38  0  0  0
 5  0      0 277744  15736 449816    0    0     0  1028 12355 4155 1 59 40  0  0  0
 3  0      0 276848  15736 449864    0    0     0    20 12986 4136 3 61 36  0  0  0
 0  0      0 277680  15736 449896    0    0     0     0 12061 4295 2 56 42  0  0  0
 7  0      0 272600  15736 450504    0    0   520     0 12561 4324 2 58 39  1  0  0
 0  0      0 273268  15736 450480    0    0     0     0 13153 4361 2 61 37  0  0  0
 0  0      0 271624  15744 450504    0    0     0    16 12365 4120 2 59 38  1  0  0
 5  0      0 279072  15744 450544    0    0     0     0 12695 4387 1 61 38  0  0  0
 0  0      0 280080  15744 450576    0    0     0     0 12415 4276 2 56 42  0  0  0
 3  0      0 281808  15744 450620    0    0     0     0 13029 4287 2 61 37  0  0  0
 0  0      0 282304  15744 450652    0    0     0     0 12570 4463 2 58 40  0  0  0
 6  0      0 280748  15752 450676    0    0     0    20 11861 4102 1 56 43  0  0  0
 0  0      0 278392  15752 450716    0    0     0     0 12195 4347 2 58 40  0  0  0
 0  0      0 280032  15752 450748    0    0     0     0 12859 4246 2 60 38  0  0  0
 0  0      0 282664  15752 450780    0    0     0     0 12043 4176 2 58 40  0  0  0
 4  0      0 269224  15752 451908    0    0  1064     0 12211 4074 2 57 41  0  0  0
15  0      0 276456  15760 451904    0    0     0    16 11931 4204 1 55 44  0  0  0
 0  0      0 278164  15760 451948    0    0     0     0 12871 4260 2 59 39  0  0  0
 0  0      0 276816  15760 451976    0    0     0     0 12524 4181 2 58 40  0  0  0
 7  0      0 276976  15760 452012    0    0     0     0 12608 4254 3 64 33  0  0  0
 0  0      0 275928  15760 452044    0    0     0     0 12284 4211 1 57 42  0  0  0
 0  0      0 275768  15768 452068    0    0     0    16 12374 4224 2 56 41  1  0  0
 8  0      0 277240  15768 452108    0    0     0     0 12474 4273 2 57 41  0  0  0
 8  0      0 277540  15768 452144    0    0     0     0 12311 4313 2 54 44  0  0  0
 0  0      0 277872  15768 452176    0    0     0     0 12586 4407 2 58 40  0  0  0
 0  0      0 268148  15768 457476    0    0  5228     0 12823 4104 2 59 39  0  0  0
 7  0      0 269684  15776 457464    0    0     0    16 13072 4577 1 59 40  0  0  0
 5  0      0 266000  15776 457504    0    0     0     0 12427 4113 2 60 38  0  0  0
 6  0      0 270828  15776 457532    0    0     0     0 12473 4174 3 61 36  0  0  0
 1  0      0 272652  15776 457568    0    0     0     0 12001 4084 3 55 42  0  0  0
13  0      0 273900  15776 457608    0    0     0     0 12627 4093 1 58 41  0  0  0
 0  0      0 275468  15784 457668    0    0     0    16 12430 4294 1 57 42  0  0  0
 0  0      0 273452  15784 457672    0    0     0  1012 12396 4346 3 57 40  0  0  0
 3  0      0 271276  15784 457708    0    0     0     0 13009 4281 1 61 38  0  0  0
 4  0      0 272284  15784 457736    0    0     0     0 13172 4358 2 63 35  0  0  0
 0  0      0 265836  15784 458056    0    0   240     0 12425 4184 2 61 36  1  0  0
 1  0      0 268968  15792 458036    0    0     0    36 12718 4250 2 56 41  1  0  0
19  0      0 270248  15792 458080    0    0     0    24 12341 4213 1 57 42  0  0  0
 0  0      0 270520  15792 458112    0    0     0     4 12269 4237 2 58 40  0  0  0
 0  0      0 270040  15792 458144    0    0     0     0 11761 3908 2 61 37  0  0  0
 6  0      0 267236  15792 458176    0    0     0     0 12055 4184 2 59 39  0  0  0
 0  0      0 269444  15800 458204    0    0     0    16 12212 4207 2 56 42  0  0  0
 9  0      0 270380  15800 458240    0    0     0     0 12915 4139 2 66 32  0  0  0
 0  0      0 270604  15800 458276    0    0     0     0 13010 4131 2 64 34  0  0  0
13  0      0 270644  15800 458312    0    0     0     0 11969 4157 2 56 42  0  0  0
 4  0      0 268564  15800 458400    0    0     0     0 12977 4378 2 60 38  0  0  0
 0  0      0 269452  15808 458356    0    0     0    16 12370 4050 2 59 39  0  0  0
 6  0      0 268952  15808 458396    0    0     0     0 11976 4267 2 54 44  0  0  0
 5  0      0 270896  15808 458428    0    0     0     0 12273 4188 2 57 41  0  0  0
10  0      0 270296  15808 458460    0    0     0     0 13059 4260 2 61 37  0  0  0
 0  0      0 269568  15808 458492    0    0     0     0 12472 4215 2 62 36  0  0  0
 5  1      0 270368  15816 458528    0    0     0    16 11989 4179 3 55 42  0  0  0
14  0      0 264484  15816 458564    0    0     0     0 13669 4294 2 69 29  0  0  0
 0  0      0 267164  15816 458600    0    0     0     0 13193 4291 2 64 34  0  0  0
 0  0      0 269608  15816 458632    0    0     0     0 12645 4625 2 62 36  0  0  0
 6  0      0 268980  15816 458664    0    0     0     0 12430 4243 2 58 40  0  0  0
 6  0      0 253552  15824 469960    0    0 11272    16 12545 4452 2 59 39  0  0  0
 0  0      0 252700  15824 470004    0    0     0     0 11983 4392 2 58 40  0  0  0
 7  0      0 255612  15824 470040    0    0     0     0 11931 4321 2 57 41  0  0  0
 3  0      0 252572  15824 470076    0    0     0     0 12426 4432 2 60 38  0  0  0
 0  0      0 255472  15824 470104    0    0     0     0 12729 4487 1 59 40  0  0  0
 0  0      0 255828  15832 470132    0    0     0    16 12941 4625 2 59 39  0  0  0
 3  0      0 255628  15832 470172    0    0     0     0 12214 4393 2 55 43  0  0  0
 3  0      0 257204  15832 470204    0    0     0  1008 12055 4490 2 55 43  0  0  0
 0  0      0 256532  15832 470236    0    0     0     0 12419 4515 2 56 42  0  0  0
12  0      0 253620  15832 470272    0    0     0     0 12003 4229 1 57 42  0  0  0
 7  0      0 251996  15840 478524    0    0  8192    36 12469 4671 2 60 38  0  0  0
 0  0      0 252924  15840 478528    0    0     0     0 12311 4373 2 58 40  0  0  0
 1  0      0 251140  15840 478560    0    0     0     0 12193 4549 2 55 43  0  0  0
 0  0      0 251844  15840 478596    0    0     0     0 12687 4474 2 63 35  0  0  0
15  0      0 251748  15840 478628    0    0     0     0 12628 4205 3 59 38  0  0  0
 0  1      0 251324  15848 478652    0    0     0    20 12878 4462 2 61 36  1  0  0
 6  0      0 253020  15848 478696    0    0     0    24 11914 4437 1 54 44  1  0  0
 7  0      0 253916  15848 478728    0    0     0     0 12933 4507 2 60 38  0  0  0
 0  0      0 250724  15848 478760    0    0     0     0 12864 4553 2 63 35  0  0  0
 0  0      0 252272  15848 478792    0    0     0     0 12024 4499 2 55 43  0  0  0
 4  0      0 239420  15856 484948    0    0  6084    16 11992 4562 2 56 42  0  0  0
 8  0      0 238856  15856 484936    0    0     0     0 12613 4569 2 57 41  0  0  0
 0  0      0 238760  15856 484968    0    0     0     0 11813 4496 1 54 45  0  0  0
 0  0      0 240252  15856 485008    0    0     0     0 12234 4217 2 54 44  0  0  0
12  0      0 239548  15856 485040    0    0     0     0 13171 4564 2 60 38  0  0  0
 0  0      0 239764  15864 485064    0    0     0    16 12254 4580 2 55 43  0  0  0
 2  0      0 237300  15864 485104    0    0     0     0 12582 4433 2 57 41  0  0  0
17  0      0 239440  15864 485140    0    0     0     0 12059 4435 2 56 42  0  0  0
 9  0      0 240112  15864 485168    0    0     0     0 12033 4403 2 56 42  0  0  0
 0  0      0 241080  15864 485204    0    0     0     0 12662 4527 1 61 38  0  0  0
 0  1      0 240900  15872 485276    0    0     0    16 12065 4302 2 54 44  0  0  0
 9  0      0 238160  15872 485252    0    0     0     0 13028 4581 2 60 38  0  0  0
 5  0      0 239440  15872 485288    0    0     0     0 12020 4369 2 55 43  0  0  0
 0  0      0 240208  15872 485320    0    0     0     0 12507 4555 2 57 41  0  0  0
 9  0      0 239676  15872 485352    0    0     0     0 12530 4569 2 58 40  0  0  0
 6  1      0 240356  15880 485412    0    0     0    16 12048 4529 1 56 43  0  0  0
 0  0      0 237484  15880 485416    0    0     0     0 12099 4438 2 57 41  0  0  0
 3  0      0 239428  15880 485448    0    0     0  1004 12070 4175 2 58 40  0  0  0
 1  0      0 239724  15880 485492    0    0     0     4 12405 4773 1 57 42  0  0  0
 8  0      0 241352  15880 485524    0    0     0     0 11339 4349 2 50 48  0  0  0
18  0      0 242152  15880 485556    0    0     0     0 12140 4619 2 56 42  0  0  0
10  0      0 236528  15888 489224    0    0  3644    28 12208 4344 2 54 43  1  0  0
 8  0      0 237520  15888 489256    0    0     0     0 12277 4445 3 56 41  0  0  0
 0  0      0 235120  15888 489288    0    0     0     4 13502 4548 3 65 32  0  0  0
 0  0      0 236560  15888 489324    0    0     0     0 12096 4280 2 56 42  0  0  0
 5  1      0 234104  15896 489388    0    0     0    16 13219 4593 2 65 33  0  0  0
 0  0      0 236252  15896 489396    0    0     0     0 12522 4452 2 58 39  1  0  0
 0  0      0 235056  15896 489424    0    0     0     0 12701 4433 2 60 38  0  0  0
 4  0      0 237136  15896 489460    0    0     0     0 12957 4432 2 59 39  0  0  0
24  0      0 235024  15896 489492    0    0     0     0 11930 4240 2 59 39  0  0  0
 5  1      0 236144  15904 489552    0    0     0    16 12287 4429 2 57 41  0  0  0
 0  0      0 236188  15904 490564    0    0   964    12 12607 4296 1 62 37  0  0  0
 0  0      0 234640  15904 490552    0    0     0     0 12740 4401 2 61 37  0  0  0
 1  0      0 236716  15904 490584    0    0     0     0 13127 4257 2 64 34  0  0  0
 1  0      0 236108  15904 490616    0    0     0     0 13059 4362 2 63 35  0  0  0
 0  0      0 236052  15904 490652    0    0     0     0 12045 4382 2 58 40  0  0  0
19  0      0 236392  15912 490684    0    0     0    16 11965 4465 2 52 45  1  0  0
 0  0      0 236320  15912 490716    0    0     0     0 13132 4481 2 61 37  0  0  0
 0  0      0 236268  15912 490748    0    0     0     0 12463 4327 1 57 42  0  0  0
 4  0      0 236844  15912 490784    0    0     0     0 12945 4484 2 61 37  0  0  0
 6  0      0 236972  15912 490816    0    0     0     0 12205 4474 2 55 43  0  0  0
 7  0      0 233128  15920 490892    0    0     0    16 12738 4466 2 60 36  2  0  0
 0  0      0 232968  15920 490860    0    0     0     0 12253 4388 2 60 38  0  0  0
11  0      0 232288  15920 490888    0    0     0     0 12148 4272 2 57 41  0  0  0
 6  0      0 233780  15920 490924    0    0     0     0 13385 4558 2 63 35  0  0  0
 0  0      0 233020  15920 490956    0    0     0     0 12406 4177 1 58 41  0  0  0
 2  0      0 235600  15928 490992    0    0     0    16 12771 4565 3 56 41  0  0  0
 6  0      0 235664  15928 491024    0    0     0     0 12364 4239 1 58 41  0  0  0
 3  0      0 235536  15928 491056    0    0     0  1000 11926 4263 3 58 39  0  0  0
 0  0      0 233648  15928 491088    0    0     0     8 12570 4472 2 61 37  0  0  0
16  0      0 235504  15928 491120    0    0     0     0 11766 4191 2 54 44  0  0  0
10  0      0 227184  15936 491204    0    0     0    36 12708 4484 2 59 39  0  0  0
 0  0      0 232456  15936 491188    0    0     0     0 12523 4375 2 59 39  0  0  0
 3  0      0 232732  15936 491228    0    0     0     0 12808 4522 1 59 40  0  0  0
 4  0      0 232732  15936 491260    0    0     0     0 13065 4365 2 59 39  0  0  0
 7  0      0 234460  15936 491292    0    0     0     0 12111 4369 2 57 41  0  0  0
 0  0      0 230480  15944 491324    0    0     0    20 12302 4545 2 58 40  0  0  0
11  0      0 235388  15944 491356    0    0     0     0 12512 4268 1 57 42  0  0  0
 1  0      0 236688  15944 491388    0    0     0     0 12594 4555 2 57 41  0  0  0
 0  0      0 237388  15944 491420    0    0     0     0 12081 4435 2 54 44  0  0  0
 4  0      0 236316  15944 491460    0    0     0     0 13419 4421 2 63 35  0  0  0
12  0      0 235628  15952 491548    0    0     0    16 12999 4435 2 61 37  0  0  0
10  0      0 236816  15952 491508    0    0     0     0 12747 4390 2 61 37  0  0  0
 0  0      0 234896  15952 491540    0    0     0     0 13021 4490 2 60 38  0  0  0
 3  0      0 238020  15952 491572    0    0     0     0 12332 4479 1 56 43  0  0  0
 9  0      0 235752  15952 491604    0    0     0     0 12722 4647 3 59 38  0  0  0
 0  0      0 236232  15960 491636    0    0     0    16 12839 4408 2 58 39  1  0  0
 3  0      0 235944  15960 491676    0    0     0    24 12233 4565 2 59 39  0  0  0
13  0      0 236008  15960 491708    0    0     0     0 12031 4466 2 57 41  0  0  0
25  0      0 236488  15960 491744    0    0     0     0 12216 4562 3 55 42  0  0  0
 0  0      0 234216  15960 491776    0    0     0     0 11807 4487 1 62 37  0  0  0
 0  0      0 235688  15968 491808    0    0     0    16 11172 4327 2 50 46  2  0  0
 5  0      0 231700  15968 491876    0    0     0     0 12697 4495 3 61 36  0  0  0
 1  0      0 230036  15968 491860    0    0     0     0 11803 4566 2 51 47  0  0  0
 4  0      0 232856  15968 491892    0    0     0     0 12808 4609 2 57 41  0  0  0
 8  0      0 233528  15968 491924    0    0     0     0 11523 4520 1 52 47  0  0  0
17  0      0 233920  15976 491956    0    0     0    16 13201 4493 2 61 37  0  0  0
 0  0      0 233824  15976 491992    0    0     0     0 12409 4412 2 58 40  0  0  0
 0  0      0 235496  15976 492024    0    0     0     0 12590 4554 2 58 40  0  0  0
 4  0      0 234248  15976 492056    0    0     0  1000 12258 4544 2 57 41  0  0  0
 2  0      0 234776  15976 492088    0    0     0     8 12136 4370 1 57 42  0  0  0
 3  0      0 233432  15984 492120    0    0     0    36 12302 4357 2 59 39  0  0  0
 6  0      0 234488  15984 492192    0    0     0     4 13123 4449 3 67 30  0  0  0
19  0      0 236120  15984 492184    0    0     0     0 12200 4498 1 54 45  0  0  0
 0  0      0 236504  15984 492216    0    0     0     0 12711 4705 2 60 38  0  0  0
 0  0      0 233760  15984 492252    0    0     0     0 11667 4305 2 55 43  0  0  0
 2  0      0 235488  15992 492284    0    0     0    16 12396 4523 2 58 40  0  0  0
 8  0      0 234272  15992 492316    0    0     0     0 13430 4604 1 66 33  0  0  0
13  0      0 230964  15992 492348    0    0     0     0 12809 4273 2 68 30  0  0  0
 0  0      0 233780  15992 492380    0    0     0     0 12229 4207 2 61 37  0  0  0
14  0      0 234624  15992 492412    0    0     0     0 11986 4430 2 55 43  0  0  0
 4  0      0 233228  16000 492444    0    0     0    16 13262 4630 2 62 36  0  0  0
 0  0      0 234060  16000 492528    0    0     0     0 11943 4145 2 53 45  0  0  0
 5  0      0 234412  16000 492508    0    0     0     0 12166 4683 2 55 43  0  0  0
12  0      0 235468  16000 492540    0    0     0     0 12618 4396 2 57 41  0  0  0
12  0      0 234540  16000 492576    0    0     0     0 11991 4396 2 54 44  0  0  0
 0  0      0 234892  16008 492604    0    0     0    16 12568 4544 1 59 38  2  0  0
 4  0      0 234364  16008 492640    0    0     0     0 12357 4365 2 57 41  0  0  0
 6  0      0 229244  16008 492672    0    0     0     0 12803 4677 2 58 40  0  0  0
 0  0      0 232952  16008 492704    0    0     0     0 12516 4379 2 57 41  0  0  0
 9  0      0 234424  16008 492736    0    0     0     0 12577 4584 1 59 40  0  0  0
10  0      0 234116  16016 492772    0    0     0    40 13067 4351 2 64 34  0  0  0
 2  0      0 234896  16016 492800    0    0     0     0 12778 4409 2 62 36  0  0  0
 0  0      0 234960  16016 492836    0    0     0     0 13497 4442 2 65 33  0  0  0
16  0      0 235668  16016 492864    0    0     0     0 12635 4446 2 59 39  0  0  0
 9  0      0 235264  16016 492900    0    0     0     0 13320 4679 2 61 37  0  0  0
 0  0      0 236588  16024 492932    0    0     0    16 11759 4391 2 54 43  1  0  0
 0  0      0 234548  16024 492964    0    0     0     0 13077 4373 2 62 36  0  0  0
 2  0      0 236116  16024 492996    0    0     0     0 12037 4308 3 58 39  0  0  0
 8  0      0 237396  16024 493028    0    0     0     0 12667 4279 1 62 37  0  0  0
 0  0      0 236572  16024 493060    0    0     0     0 13376 4335 2 64 34  0  0  0
10  0      0 237348  16032 493096    0    0     0    20 11906 4293 2 56 42  0  0  0
 3  0      0 238212  16032 493124    0    0     0  1068 12146 4715 2 56 42  0  0  0
 0  0      0 234676  16032 493160    0    0     0     0 11518 4344 1 54 45  0  0  0
 0  0      0 236444  16032 493192    0    0     0     0 12133 4378 2 55 43  0  0  0
 2  0      0 238084  16032 493224    0    0     0     0 12909 4460 2 59 39  0  0  0
 4  0      0 234772  16040 493256    0    0     0    32 12918 4385 2 60 37  1  0  0
 0  0      0 235636  16040 493292    0    0     0     0 12037 4690 2 55 43  0  0  0
 4  0      0 236564  16040 493320    0    0     0     0 12233 4269 2 55 43  0  0  0
 0  0      0 237236  16040 493352    0    0     0     0 13703 4671 1 64 35  0  0  0
 0  0      0 234876  16040 493384    0    0     0     0 11451 4164 2 54 44  0  0  0
 6  0      0 236796  16048 493424    0    0     0    16 12000 4483 3 55 42  0  0  0
 0  0      0 236956  16048 493452    0    0     0     0 1942  442  0  5 95  0  0  0
 0  0      0 236956  16048 493452    0    0     0     0 1012   68  0  2 98  0  0  0
 0  0      0 236956  16048 493452    0    0     0     0 1012   63  0  1 99  0  0  0
 0  0      0 236956  16048 493452    0    0     0     0 1013   66  0  1 99  0  0  0
 0  0      0 236956  16048 493452    0    0     0     0 1010   59  0  2 98  0  0  0
 0  0      0 236956  16064 493444    0    0     0  2076 1026  123  0  1 95  4  0  0
 0  0      0 236956  16064 493452    0    0     0     0 1017  154  0  2 98  0  0  0
 0  0      0 236956  16064 493452    0    0     0     0 1012   81  0  1 99  0  0  0
