procs -----------memory---------- ---swap-- -----io---- -system-- -------cpu-------
 r  b   swpd   free   buff  cache   si   so    bi    bo   in   cs us sy id wa st gu
 0  0      0 337264  15580 430228    0    0 47535   694 2657   39  2 23 69  6  0  0
 0  0      0 337328  15580 430260    0    0     0     0 5076 1972  1 25 74  0  0  0
 4  0      0 337776  15580 430272    0    0     0     0 5810 1878  0 28 72  0  0  0
 0  0      0 338224  15580 430280    0    0     0     0 5221 1743  1 25 74  0  0  0
 0  0      0 338904  15580 430292    0    0     0     0 5356 1999  2 25 73  0  0  0
 0  0      0 335160  15588 430296    0    0     0    64 5592 2000  1 26 72  1  0  0
 0  0      0 335352  15588 430320    0    0     0     0 5581 2220  0 27 73  0  0  0
 0  0      0 335832  15588 430328    0    0     0     0 5419 1845  2 24 74  0  0  0
 0  0      0 336664  15588 430340    0    0     0     0 5175 1780  0 25 75  0  0  0
 0  0      0 337432  15588 430348    0    0     0     0 4886 1866  2 23 75  0  0  0
 0  0      0 337688  15596 430352    0    0     0    24 4938 1843  1 21 76  2  0  0
 0  0      0 338424  15596 430372    0    0     0     0 5604 1971  0 25 75  0  0  0
 0  0      0 338552  15596 430384    0    0     0     0 4748 1825  1 23 76  0  0  0
 1  0      0 339320  15596 430396    0    0     0     0 4939 1822  2 23 75  0  0  0
 0  0      0 339852  15596 430404    0    0     0     0 5349 1781  0 26 74  0  0  0
 0  0      0 328184  15604 430408    0    0     0    16 5467 1927  1 27 72  0  0  0
 0  0      0 328376  15604 430424    0    0     0     0 5663 2031  2 26 72  0  0  0
 0  0      0 328856  15604 430436    0    0     0     0 4858 1748  1 24 75  0  0  0
 0  0      0 329144  15604 430448    0    0     0     0 5157 1692  1 23 76  0  0  0
 0  0      0 330168  15604 430460    0    0     0     0 5083 1716  1 24 75  0  0  0
 1  0      0 330776  15612 430460    0    0     0    16 5781 1967  0 27 73  0  0  0
 0  0      0 331096  15612 430480    0    0     0     0 5088 1882  1 21 78  0  0  0
 8  0      0 331896  15612 430492    0    0     0     0 6109 1955  2 26 72  0  0  0
 0  0      0 332632  15612 430504    0    0     0     0 5420 1876  0 22 78  0  0  0
 0  0      0 333256  15612 430512    0    0     0     0 4853 1686  1 21 78  0  0  0
 0  0      0 323656  15612 430556    0    0     0   208 5262 1908  1 22 77  0  0  0
 0  0      0 323888  15620 430536    0    0     0  4040 5880 2307  1 28 70  1  0  0
 0  0      0 323632  15620 430536    0    0     0    44 5415 2013  1 24 75  0  0  0
 0  0      0 323088  15620 430552    0    0     0     4 5217 1972  1 26 73  0  0  0
 2  0      0 323568  15620 430564    0    0     0     0 5249 1896  1 24 75  0  0  0
 0  0      0 323664  15620 430572    0    0     0     0 4562 1627  1 20 79  0  0  0
 0  0      0 323952  15632 430584    0    0     0    68 5359 1825  1 26 73  0  0  0
 8  0      0 324368  15632 430596    0    0     0   372 5752 1997  1 27 72  0  0  0
 0  0      0 324112  15632 430608    0    0     0     0 5195 1829  1 27 72  0  0  0
 0  0      0 324816  15632 430616    0    0     0     0 5171 1807  1 24 75  0  0  0
 0  0      0 309168  15632 430628    0    0     0     0 4675 1664  0 23 77  0  0  0
 2  0      0 307568  15640 430640    0    0     0    36 5336 1956  1 25 73  1  0  0
 0  0      0 307984  15640 430648    0    0     0     0 5230 1850  1 24 75  0  0  0
 0  0      0 308272  15640 430660    0    0     0     0 5028 1840  1 24 75  0  0  0
 0  0      0 307440  15640 430672    0    0     0     0 4955 1756  1 25 74  0  0  0
 0  0      0 305776  15640 430684    0    0     0     0 4868 1647  0 22 78  0  0  0
 0  0      0 306256  15648 430692    0    0     0    16 5488 1813  1 26 71  2  0  0
 5  0      0 306448  15648 430704    0    0     0     0 5692 1963  1 28 71  0  0  0
 0  0      0 306664  15648 430716    0    0     0     0 4997 1809  1 24 75  0  0  0
 0  0      0 308008  15648 430728    0    0     0     0 4936 1736  0 23 77  0  0  0
 1  0      0 308200  15648 430736    0    0     0     0 5098 1695  1 25 74  0  0  0
 0  0      0 304168  15656 432780    0    0  2032    16 4383 1734  1 23 76  0  0  0
 0  0      0 303560  15656 432804    0    0     0     0 5330 1831  0 25 75  0  0  0
 3  0      0 303816  15656 432812    0    0     0     0 5230 1887  1 24 75  0  0  0
 0  0      0 304008  15656 432824    0    0     0     0 5062 1881  1 25 74  0  0  0
 0  0      0 303752  15656 432836    0    0     0     0 5860 1822  1 28 71  0  0  0
 0  0      0 303656  15664 432844    0    0     0    16 4967 1745  0 23 77  0  0  0
 0  0      0 303752  15664 432856    0    0     0     0 5385 1931  1 25 74  0  0  0
 0  0      0 302984  15664 432868    0    0     0     0 5649 1875  1 26 73  0  0  0
 0  0      0 303560  15664 432880    0    0     0     0 5241 1872  1 23 76  0  0  0
 6  0      0 301416  15664 432888    0    0     0     0 4912 1761  0 20 80  0  0  0
 0  0      0 301512  15672 434512    0    0  1612    16 5338 1866  1 23 76  0  0  0
 0  0      0 302152  15672 434524    0    0     0   220 5051 1779  0 25 75  0  0  0
 0  0      0 302504  15672 434532    0    0     0     0 5290 1854  1 25 74  0  0  0
 4  0      0 302072  15672 434544    0    0     0     0 5538 1894  1 26 73  0  0  0
 0  0      0 302552  15672 434556    0    0     0     4 5752 1907  1 25 74  0  0  0
11  0      0 302680  15680 434568    0    0     0    16 4758 1675  1 22 77  0  0  0
 0  0      0 302728  15680 434576    0    0     0     8 5356 1826  1 22 77  0  0  0
 0  0      0 302832  15680 434588    0    0     0   340 5295 1847  0 23 77  0  0  0
 0  0      0 302096  15680 434600    0    0     0     0 5490 1830  1 24 75  0  0  0
 6  0      0 302736  15680 434608    0    0     0     0 5220 1799  1 25 75  0  0  0
 0  0      0 296992  15688 434624    0    0     0    36 5375 1972  0 24 74  2  0  0
 0  0      0 297512  15688 434636    0    0     0     0 4917 1664  1 24 75  0  0  0
 0  0      0 295688  15688 434644    0    0     0     0 5324 1794  1 23 76  0  0  0
 0  0      0 296104  15688 434656    0    0     0     0 5076 1761  1 25 74  0  0  0
 0  0      0 296488  15688 434668    0    0     0     0 5467 1816  1 26 73  0  0  0
 2  0      0 296744  15696 434680    0    0     0    16 4670 1692  1 20 78  1  0  0
 6  0      0 295044  15696 434688    0    0     0     0 5221 1763  0 25 75  0  0  0
 0  0      0 295684  15696 434700    0    0     0     0 5117 1700  1 23 76  0  0  0
 0  0      0 296196  15696 434712    0    0     0     0 5090 1850  1 24 75  0  0  0
 0  0      0 296772  15696 434724    0    0     0     0 5203 1925  1 22 77  0  0  0
 0  0      0 297072  15704 435280    0    0   512    16 5424 1928  1 24 75  0  0  0
 0  0      0 297296  15704 435256    0    0     0     0 4549 1670  0 24 76  0  0  0
 0  0      0 296944  15704 435264    0    0     0     0 6051 1917  1 27 72  0  0  0
 0  0      0 296560  15704 435276    0    0     0     0 5635 1893  1 27 72  0  0  0
 0  0      0 296880  15704 435288    0    0     0     0 5056 1804  1 23 76  0  0  0
 2  0      0 297348  15712 435300    0    0     0    16 5265 1832  1 25 74  0  0  0
 3  0      0 295428  15712 435312    0    0     0     0 5732 1883  1 29 70  0  0  0
 0  0      0 296228  15712 435320    0    0     0     0 5026 1735  1 23 76  0  0  0
 0  0      0 296036  15712 435332    0    0     0     0 5147 1887  1 23 76  0  0  0
 0  0      0 296580  15712 435352    0    0     0     0 5964 1965  1 27 72  0  0  0
 0  0      0 293320  15720 436068    0    0   668    16 5162 1802  1 25 73  1  0  0
 2  0      0 294472  15720 436040    0    0     0     0 4988 1693  1 23 76  0  0  0
 5  0      0 294472  15720 436052    0    0     0     0 5253 1722  1 25 74  0  0  0
 0  0      0 294824  15720 436060    0    0     0     0 4813 1778  0 23 77  0  0  0
 0  0      0 295232  15720 436072    0    0     0     0 5526 1822  2 26 72  0  0  0
 0  0      0 294008  15728 436084    0    0     0    20 5752 1890  0 27 73  0  0  0
 0  0      0 294148  15728 436096    0    0     0    24 4928 1817  1 21 78  0  0  0
 0  0      0 294084  15728 436104    0    0     0     4 5123 1710  1 23 76  0  0  0
 0  0      0 294148  15728 436116    0    0     0   336 4899 1778  1 23 76  0  0  0
 0  0      0 294468  15728 436128    0    0     0     0 5401 1887  1 26 73  0  0  0
 0  0      0 294572  15736 436140    0    0     0    28 5199 1858  1 26 72  1  0  0
 0  0      0 294308  15736 437068    0    0   916     0 4961 1742  0 22 78  0  0  0
 5  0      0 293508  15736 437080    0    0     0     0 5196 1815  1 25 74  0  0  0
 0  0      0 294092  15736 437088    0    0     0     0 4414 1619  1 20 79  0  0  0
 0  0      0 290796  15736 437100    0    0     0     0 5649 1836  0 26 74  0  0  0
 0  0      0 292824  15744 437112    0    0     0    16 6000 1907  2 26 72  0  0  0
 0  0      0 293208  15744 437124    0    0     0     0 5120 1757  1 22 77  0  0  0
 0  0      0 293944  15744 437136    0    0     0     0 5149 1739  0 22 78  0  0  0
 0  0      0 294520  15744 437148    0    0     0     0 5413 1734  1 25 74  0  0  0
 0  0      0 294968  15744 437160    0    0     0     0 5182 1845  0 25 75  0  0  0
 0  0      0 295032  15752 437172    0    0     0    16 5549 1911  2 26 72  0  0  0
 5  0      0 287876  15752 442408    0    0  5228     0 5170 1816  0 24 75  1  0  0
 0  0      0 287620  15752 442420    0    0     0     0 5012 1764  1 25 74  0  0  0
 0  0      0 287824  15752 442432    0    0     0     0 4416 1612  1 22 77  0  0  0
 2  0      0 286704  15752 442440    0    0     0     0 5521 1852  1 27 72  0  0  0
 0  0      0 287384  15760 442452    0    0     0    16 5868 1979  0 27 73  0  0  0
 0  0      0 287564  15760 442464    0    0     0     0 5873 1902  1 27 72  0  0  0
 0  0      0 287788  15760 442476    0    0     0     0 4902 1717  1 21 78  0  0  0
 1  0      0 287604  15760 442484    0    0     0     0 5189 1739  1 24 75  0  0  0
 0  0      0 288404  15760 442496    0    0     0     0 4864 1712  1 21 78  0  0  0
 0  0      0 286996  15768 442508    0    0     0    16 5359 1930  1 25 74  0  0  0
 7  0      0 284896  15768 442792    0    0   240     0 5339 1876  0 24 76  0  0  0
 0  0      0 288200  15768 442752    0    0     0     0 5459 1846  1 25 74  0  0  0
 0  0      0 288596  15768 442764    0    0     0     0 5087 1741  1 25 74  0  0  0
 4  0      0 288628  15768 442772    0    0     0     4 4858 1710  1 22 77  0  0  0
 0  0      0 289012  15776 442784    0    0     0    16 5367 1871  1 26 73  0  0  0
 0  0      0 288532  15776 442796    0    0     0     0 5000 1868  1 21 78  0  0  0
 0  0      0 289140  15776 442812    0    0     0     0 5272 1857  1 25 75  0  0  0
 6  0      0 288692  15776 442820    0    0     0   344 5130 1943  1 22 77  0  0  0
 0  0      0 288692  15776 442832    0    0     0     0 5163 1758  1 25 74  0  0  0
 0  0      0 288692  15784 442836    0    0     0    36 5186 1937  0 24 76  0  0  0
 0  0      0 289516  15784 442892    0    0     0    20 5581 1936  1 26 73  0  0  0
 0  0      0 285772  15784 442840    0    0     0     0 5408 1850  1 25 74  0  0  0
 0  0      0 289168  15784 442852    0    0     0     0 5169 1783  1 23 76  0  0  0
 2  0      0 289744  15784 442864    0    0     0     0 5037 1783  1 24 75  0  0  0
 0  0      0 290136  15792 442864    0    0     0    16 4743 1644  0 23 76  1  0  0
 0  0      0 290520  15792 442884    0    0     0     0 5243 1780  1 27 72  0  0  0
 0  0      0 289528  15792 442896    0    0     0     0 5536 1873  2 27 71  0  0  0
 5  0      0 289720  15792 442904    0    0     0     0 5003 1809  0 26 74  0  0  0
 0  0      0 290360  15792 442916    0    0     0     0 5369 1847  1 28 71  0  0  0
 0  0      0 289304  15800 442920    0    0     0    16 4901 1757  0 23 77  0  0  0
 4  0      0 289560  15800 442936    0    0     0     0 5350 1837  1 25 74  0  0  0
 0  0      0 281284  15800 452476    0    0  9528     0 5283 1878  1 26 73  0  0  0
 0  0      0 281732  15800 452488    0    0     0     0 5032 1751  1 24 75  0  0  0
 7  0      0 281188  15800 452500    0    0     0     0 5271 1740  1 26 73  0  0  0
 0  0      0 281572  15808 452500    0    0     0    16 4864 1734  1 21 78  0  0  0
 0  0      0 281988  15808 452520    0    0     0     0 5175 1797  1 26 73  0  0  0
 0  0      0 282904  15808 452540    0    0     0     0 5787 1887  1 27 72  0  0  0
 1  0      0 283160  15808 452552    0    0     0     0 5334 1934  1 25 74  0  0  0
 0  0      0 281944  15808 452564    0    0     0     0 5419 1812  1 26 73  0  0  0
 2  0      0 282072  15816 452568    0    0     0    16 5178 1919  1 25 74  0  0  0
 0  0      0 282564  15816 452584    0    0     0     0 5272 1752  1 23 76  0  0  0
 0  0      0 273008  15816 460788    0    0  8192     0 5640 1949  0 26 73  1  0  0
 0  0      0 273072  15816 460800    0    0     0     0 5425 1907  1 26 73  0  0  0
 5  0      0 273888  15816 460812    0    0     0     0 4985 1750  1 24 75  0  0  0
 2  0      0 273664  15824 460816    0    0     0    20 5829 1806  1 27 72  0  0  0
 0  0      0 273804  15824 460832    0    0     0     0 5000 1673  0 23 77  0  0  0
 0  0      0 274252  15824 460844    0    0     0     0 5229 1850  1 26 73  0  0  0
 0  0      0 273996  15824 460856    0    0     0     0 5862 2002  1 27 72  0  0  0
 0  0      0 273484  15824 460864    0    0     0   340 5273 1792  1 27 72  0  0  0
 0  0      0 272556  15832 460868    0    0     0    44 5125 1929  1 24 75  0  0  0
 0  0      0 272620  15832 460888    0    0     0     0 4741 1648  0 21 79  0  0  0
 0  0      0 267616  15832 462448    0    0  1516     0 4804 1799  1 24 75  0  0  0
 0  0      0 268312  15832 462424    0    0     0     0 5592 1910  0 27 73  0  0  0
 0  0      0 267324  15832 462436    0    0     0     0 5536 1863  1 26 73  0  0  0
 0  0      0 267868  15840 462440    0    0     0    16 5406 1875  1 26 73  0  0  0
 0  0      0 268316  15840 462460    0    0     0    24 4823 1655  1 22 77  0  0  0
 0  0      0 268828  15840 462472    0    0     0     0 5163 1728  0 23 77  0  0  0
 0  0      0 269212  15840 462484    0    0     0     0 4704 1766  1 22 77  0  0  0
 0  0      0 267356  15840 462496    0    0     0     0 5422 1759  1 24 75  0  0  0
 0  0      0 268040  15848 462496    0    0     0    16 4959 1799  1 22 77  0  0  0
 0  0      0 268136  15848 462516    0    0     0     0 5110 1775  1 25 74  0  0  0
 0  0      0 268304  15848 462564    0    0     0     0 5206 1772  1 24 75  0  0  0
 0  0      0 268428  15848 462536    0    0     0     0 5213 1791  1 22 77  0  0  0
 0  0      0 268716  15848 462548    0    0     0     0 5396 1862  0 28 72  0  0  0
 0  0      0 270008  15856 462552    0    0     0    16 4893 1740  1 23 75  1  0  0
 0  0      0 266840  15856 462568    0    0     0     0 4869 1661  1 23 76  0  0  0
 2  0      0 267448  15856 462580    0    0     0     0 4943 1649  1 23 76  0  0  0
 0  0      0 267256  15856 462592    0    0     0     0 5460 1798  1 27 72  0  0  0
 0  0      0 267896  15856 462604    0    0     0     0 5582 1924  1 25 74  0  0  0
 1  0      0 268536  15864 462604    0    0     0    16 5357 1967  1 25 74  0  0  0
 0  0      0 267032  15864 462624    0    0     0     0 5657 1944  1 26 73  0  0  0
 0  0      0 267128  15864 462636    0    0     0     0 5056 1710  1 24 75  0  0  0
 0  0      0 264616  15864 466280    0    0  3644     0 5495 1820  1 26 71  2  0  0
 0  0      0 265032  15864 466292    0    0     0     4 5675 1901  0 27 73  0  0  0
 0  0      0 266120  15872 466304    0    0     0    16 5842 1860  1 29 70  0  0  0
 0  0      0 266536  15872 466324    0    0     0     0 4769 1776  1 22 77  0  0  0
 7  0      0 263624  15872 466332    0    0     0     0 5082 1794  1 25 74  0  0  0
 0  0      0 264328  15872 466344    0    0     0     0 4821 1658  0 22 78  0  0  0
 0  0      0 264616  15872 466356    0    0     0     0 5800 1923  1 27 72  0  0  0
 1  0      0 265128  15880 466356    0    0     0   364 5719 1927  1 27 72  0  0  0
 0  0      0 265736  15880 466376    0    0     0     4 5658 1889  1 26 73  0  0  0
 1  0      0 265704  15880 466388    0    0     0     0 4985 1780  1 22 77  0  0  0
 0  0      0 262732  15880 467364    0    0   964     0 5424 1806  0 24 73  3  0  0
 0  0      0 261864  15880 467372    0    0     0     0 5603 1926  1 28 71  0  0  0
 0  0      0 260296  15888 467376    0    0     0    16 5639 1928  1 26 73  0  0  0
 0  0      0 261616  15888 467396    0    0     0     0 5081 1844  1 23 76  0  0  0
 2  0      0 262352  15888 467404    0    0     0     0 5473 1803  0 27 73  0  0  0
 0  0      0 262872  15888 467420    0    0     0     0 5079 1704  1 23 76  0  0  0
 2  0      0 263172  15888 467432    0    0     0     0 5046 1720  1 23 76  0  0  0
 0  0      0 262212  15896 467432    0    0     0    16 4968 1972  1 26 73  0  0  0
 0  0      0 262340  15896 467452    0    0     0    12 5237 1865  0 23 77  0  0  0
 0  0      0 263408  15896 467464    0    0     0     0 5235 1740  1 23 76  0  0  0
 0  0      0 261832  15896 469252    0    0  1744     0 5013 1757  1 25 74  0  0  0
 0  0      0 261232  15896 469224    0    0     0     0 5356 1801  1 24 75  0  0  0
 0  0      0 261872  15904 469228    0    0     0    16 4811 1756  1 22 77  0  0  0
 7  0      0 261104  15904 469248    0    0     0     0 5491 1933  1 28 71  0  0  0
 7  0      0 261328  15904 469256    0    0     0     0 5777 1821  1 27 72  0  0  0
 0  0      0 261656  15904 469268    0    0     0     0 5936 1901  1 25 74  0  0  0
 1  0      0 260984  15904 469280    0    0     0     0 5043 1741  1 24 75  0  0  0
 0  0      0 262328  15912 469280    0    0     0    16 5789 2025  0 26 74  0  0  0
 0  0      0 261624  15912 469300    0    0     0     0 5249 1860  1 24 75  0  0  0
 0  0      0 261912  15912 469312    0    0     0     0 5063 1763  1 24 75  0  0  0
 0  0      0 256404  15912 473924    0    0  4568     0 5181 1852  0 24 75  1  0  0
 0  0      0 257172  15912 473880    0    0     0     0 4743 1634  1 23 76  0  0  0
 0  0      0 257620  15920 473880    0    0     0    20 5631 1771  1 27 72  0  0  0
 0  0      0 256828  15920 473900    0    0     0     0 5637 1885  1 27 72  0  0  0
 0  0      0 258088  15920 473912    0    0     0     0 5344 1925  0 22 78  0  0  0
 0  0      0 257896  15920 473920    0    0     0     0 5186 1757  1 25 74  0  0  0
 6  0      0 258440  15920 473932    0    0     0     0 5120 1718  0 24 76  0  0  0
 6  0      0 258984  15928 473932    0    0     0   352 5085 1802  1 23 76  0  0  0
 0  0      0 258376  15928 473952    0    0     0     0 5817 1971  1 27 72  0  0  0
 0  0      0 257736  15928 473964    0    0     0     0 5734 1856  0 28 72  0  0  0
 7  0      0 258696  15928 473984    0    0     0     8 5494 1908  1 25 74  0  0  0
 0  0      0 256360  15928 473996    0    0     0     0 5223 1819  1 26 73  0  0  0
 0  0      0 255944  15928 474004    0    0     0     0 5109 1637  1 24 75  0  0  0
 5  0      0 257384  15936 474016    0    0     0    36 4908 1822  0 23 77  0  0  0
 0  0      0 257896  15936 474028    0    0     0     0 5868 1949  1 27 72  0  0  0
 0  0      0 258440  15936 474036    0    0     0     0 5137 1750  1 25 74  0  0  0
 1  0      0 257480  15936 474048    0    0     0     0 5229 1800  1 24 75  0  0  0
 0  0      0 256680  15936 474060    0    0     0     0 5205 1829  1 26 73  0  0  0
 0  0      0 257448  15944 474068    0    0     0    16 4739 1639  1 23 73  3  0  0
 0  0      0 257032  15944 474080    0    0     0     0 4957 1740  1 26 73  0  0  0
 1  0      0 257672  15944 474092    0    0     0     0 5239 1856  0 27 73  0  0  0
 0  0      0 255868  15944 474104    0    0     0     0 5601 1862  1 26 73  0  0  0
13  0      0 256368  15944 474112    0    0     0     0 5423 1769  1 25 74  0  0  0
 0  0      0 256560  15952 474124    0    0     0    44 4733 1744  1 21 78  0  0  0
 0  0      0 255696  15952 474136    0    0     0     0 5522 1936  0 24 76  0  0  0
 0  0      0 255728  15952 474148    0    0     0     0 5433 1820  1 24 75  0  0  0
 0  0      0 255508  15952 474156    0    0     0     0 5513 1898  1 25 75  0  0  0
 0  0      0 255668  15952 474168    0    0     0     0 5329 1894  1 21 78  0  0  0
 0  0      0 256212  15960 474180    0    0     0    16 5123 1809  1 22 77  0  0  0
 0  0      0 256468  15960 474188    0    0     0     0 4785 1805  1 22 77  0  0  0
 0  0      0 256692  15960 474204    0    0     0     0 5786 1947  1 26 73  0  0  0
 0  0      0 255280  15960 474248    0    0     0     4 4942 1725  1 22 77  0  0  0
 0  0      0 254952  15960 474196    0    0     0     0 4934 1726  1 22 77  0  0  0
 0  0      0 255688  15968 474208    0    0     0    16 5124 1776  1 22 77  0  0  0
 0  0      0 255968  15968 474220    0    0     0     0 5527 1807  1 24 75  0  0  0
 0  0      0 255424  15968 474232    0    0     0     0 5296 1885  0 23 77  0  0  0
 0  0      0 255536  15968 474240    0    0     0     0 5187 1879  1 26 73  0  0  0
 0  0      0 255920  15968 474252    0    0     0     0 5321 1919  1 24 75  0  0  0
 0  0      0 256528  15976 474264    0    0     0   352 4650 1602  1 22 77  0  0  0
 0  0      0 256588  15976 474272    0    0     0     0 6020 1929  1 25 74  0  0  0
 0  0      0 253900  15976 474284    0    0     0     0 5058 1824  0 23 77  0  0  0
 0  0      0 254476  15976 474328    0    0     0     8 5414 1958  1 23 76  0  0  0
 3  0      0 254796  15976 474308    0    0     0     0 5181 1810  0 23 77  0  0  0
 5  0      0 254956  15984 474316    0    0     0    36 5006 1869  1 22 77  0  0  0
 0  0      0 255212  15984 474328    0    0     0     0 5002 1756  1 23 76  0  0  0
 0  0      0 256172  15984 474340    0    0     0     0 5358 1808  1 25 74  0  0  0
 0  0      0 253900  15984 474348    0    0     0     0 5268 1927  1 24 75  0  0  0
 0  0      0 256192  15984 474360    0    0     0     0 5114 1838  1 25 74  0  0  0
 0  0      0 256896  15992 474372    0    0     0    16 5106 1714  1 24 75  0  0  0
 8  0      0 256704  15992 474384    0    0     0     0 5074 1709  1 24 75  0  0  0
 0  0      0 257088  15992 474392    0    0     0     0 5255 1878  0 23 77  0  0  0
 0  0      0 256416  15992 474404    0    0     0     0 5505 1908  1 26 73  0  0  0
 6  0      0 256704  15992 474416    0    0     0     0 5306 1825  0 25 75  0  0  0
 0  0      0 257280  16000 474424    0    0     0    16 5556 1927  1 26 73  0  0  0
 0  0      0 256928  16000 474436    0    0     0     0 5075 1739  1 24 75  0  0  0
 0  0      0 257184  16000 474448    0    0     0     0 5093 1802  1 23 76  0  0  0
 0  0      0 257152  16000 474456    0    0     0     0 5479 1849  0 24 76  0  0  0
 0  0      0 255520  16000 474468    0    0     0     0 5722 1952  1 26 73  0  0  0
 0  0      0 256544  16008 474480    0    0     0    40 4872 1757  1 22 77  0  0  0
 0  0      0 257024  16008 474492    0    0     0     0 5253 1768  1 22 77  0  0  0
 0  0      0 257376  16008 474500    0    0     0     0 5517 1723  1 25 74  0  0  0
 0  0      0 257248  16008 474512    0    0     0     0 4938 1749  1 21 78  0  0  0
 3  0      0 257600  16008 474524    0    0     0     0 5351 1864  1 26 73  0  0  0
 3  0      0 256128  16016 474536    0    0     0    20 5080 1771  2 24 73  1  0  0
 0  0      0 256224  16016 474544    0    0     0     0 5230 1768  1 24 75  0  0  0
 0  0      0 256448  16016 474556    0    0     0     0 5421 1720  1 25 74  0  0  0
 2  0      0 256576  16016 474564    0    0     0     0 5351 1839  0 24 76  0  0  0
 0  0      0 256736  16016 474576    0    0     0     0 5099 1887  1 21 78  0  0  0
 0  0      0 256864  16024 474588    0    0     0   348 5204 1759  1 28 71  0  0  0
 1  0      0 257048  16024 474600    0    0     0     0 5511 1879  1 26 73  0  0  0
 0  0      0 257184  16024 474608    0    0     0     0 5070 1653  0 22 78  0  0  0
 0  0      0 256704  16024 474620    0    0     0     0 4735 1580  1 23 76  0  0  0
 0  0      0 254484  16024 474632    0    0     0     4 5890 1973  1 25 74  0  0  0
 0  0      0 255252  16032 474644    0    0     0    28 5772 1893  1 27 71  1  0  0
 0  0      0 255700  16032 474652    0    0     0     0 5239 1807  1 23 76  0  0  0
 0  0      0 255764  16032 474664    0    0     0     0 5629 1814  1 28 71  0  0  0
 0  0      0 256788  16032 474676    0    0     0     0 5593 1899  0 25 75  0  0  0
 0  0      0 257332  16032 474684    0    0     0     0 5298 1945  1 25 74  0  0  0
 0  0      0 257108  16040 474696    0    0     0    16 5012 1833  1 22 77  0  0  0
 0  0      0 257524  16040 474708    0    0     0     0 5410 1848  1 25 74  0  0  0
 0  0      0 256244  16040 474720    0    0     0     0 5325 1950  0 24 76  0  0  0
 0  0      0 256788  16040 474724    0    0     0     0 1771  463  0  6 94  0  0  0
 0  0      0 256788  16040 474728    0    0     0     0 1131   70  0  1 99  0  0  0
 0  0      0 256788  16048 474720    0    0     0    16 1021   70  0  1 98  1  0  0
 0  0      0 256788  16048 474728    0    0     0     0 1051   61  0  2 98  0  0  0
 0  0      0 256788  16048 474728    0    0     0     0 1062   55  0  2 98  0  0  0
 0  0      0 256788  16056 474720    0    0     0  2064 1046  107  0  3 97  0  0  0
 0  0      0 256788  16056 474728    0    0     0     0 1085  166  1  2 97  0  0  0
 0  0      0 256788  16056 474728    0    0     0     0 1051   74  0  2 98  0  0  0
 0  0      0 256284  16080 474884    0    0     0  2140 1069  320  0  2 98  0  0  0
 0  0      0 256284  16080 474920    0    0     0     0 1021   71  0  2 98  0  0  0
