procs -----------memory---------- ---swap-- -----io---- -system-- -------cpu-------
 r  b   swpd   free   buff  cache   si   so    bi    bo   in   cs us sy id wa st gu
22  0      0 332968  15580 444148    0    0 60015   915 2432   46  3 24 65  8  0  0
11  0      0 330252  15580 444200    0    0     0     0 15121 5414 2 78 20  0  0  0
 0  0      0 330340  15580 444240    0    0     0     0 14907 5869 3 69 28  0  0  0
 6  0      0 331632  15580 444280    0    0     0     0 15114 5670 2 75 23  0  0  0
 2  0      0 333424  15580 444320    0    0     0     0 15101 5588 2 72 26  0  0  0
 3  0      0 333008  15588 444356    0    0     0    64 14847 5711 2 71 27  0  0  0
 2  0      0 329472  15588 444404    0    0     0     0 14674 5708 2 71 27  0  0  0
 0  0      0 328704  15588 444444    0    0     0     0 13858 5641 2 68 30  0  0  0
 0  0      0 330720  15588 444448    0    0     0     0 14327 5889 3 69 28  0  0  0
 0  0      0 327412  15588 444520    0    0     0     0 15287 5599 3 74 23  0  0  0
 0  0      0 328916  15596 444548    0    0     0    24 14572 5701 2 70 27  1  0  0
 4  0      0 329480  15596 444600    0    0     0     0 14819 5665 2 69 29  0  0  0
 7  0      0 327236  15596 444640    0    0     0     0 15276 5659 3 73 23  0  0  0
 0  0      0 327940  15596 444680    0    0     0     0 14844 5837 2 68 30  0  0  0
 0  0      0 324864  15596 444720    0    0     0     0 14843 5703 2 73 25  0  0  0
11  0      0 326580  15604 444752    0    0     0    16 14895 5797 2 67 30  1  0  0
 5  0      0 328980  15604 444828    0    0     0     0 14728 5727 2 69 29  0  0  0
 6  0      0 330748  15604 444848    0    0     0     0 14192 5653 3 64 33  0  0  0
 5  0      0 329892  15604 444888    0    0     0     0 15259 5756 2 73 25  0  0  0
 7  0      0 330392  15604 444928    0    0     0     0 14998 5630 3 69 28  0  0  0
 5  0      0 327456  15612 444960    0    0     0    16 14975 5486 2 72 26  0  0  0
 0  0      0 327400  15612 445004    0    0     0     0 15572 5633 2 74 24  0  0  0
11  0      0 328976  15612 445048    0    0     0     0 14590 5703 3 65 32  0  0  0
 0  0      0 329016  15612 445088    0    0     0     0 15405 5579 2 77 21  0  0  0
13  0      0 328064  15612 445128    0    0     0     0 13979 5562 2 68 30  0  0  0
 4  0      0 325088  15620 445160    0    0     0    16 15475 5376 3 72 24  1  0  0
 0  0      0 326316  15620 445208    0    0     0     0 14669 5542 1 68 31  0  0  0
 6  0      0 316432  15620 445248    0    0     0   208 14611 5608 3 68 29  0  0  0
 4  0      0 314112  15620 445252    0    0     0  4628 15448 5857 2 73 25  0  0  0
 6  0      0 314540  15620 445332    0    0     0    48 15259 5497 2 74 24  0  0  0
 0  0      0 316920  15632 445360    0    0     0    72 15083 5756 3 69 27  1  0  0
12  0      0 317600  15632 445412    0    0     0     4 14260 5471 2 68 30  0  0  0
 0  0      0 315560  15632 445452    0    0     0     0 15488 5409 2 74 24  0  0  0
 0  0      0 316860  15632 445492    0    0     0     0 15653 5707 3 72 25  0  0  0
 8  0      0 317960  15632 445528    0    0     0  1340 15238 5656 2 70 28  0  0  0
 2  0      0 315776  15640 445564    0    0     0    36 15686 5644 2 74 24  0  0  0
 4  0      0 317312  15640 445616    0    0     0     0 15396 5520 2 74 24  0  0  0
 6  0      0 300224  15640 445652    0    0     0     0 15153 5625 2 71 27  0  0  0
 2  0      0 298428  15640 445692    0    0     0     0 15179 5609 3 75 22  0  0  0
13  0      0 297188  15640 445700    0    0     0     0 15084 5557 3 68 29  0  0  0
 0  0      0 297796  15648 445764    0    0     0    16 15341 5773 1 74 25  0  0  0
 6  0      0 300252  15648 445820    0    0     0     0 14489 5689 2 68 30  0  0  0
 2  0      0 300600  15648 445860    0    0     0     0 15762 5577 2 72 26  0  0  0
 8  0      0 297492  15648 445900    0    0     0     0 15086 5589 2 74 23  0  0  0
 1  0      0 299156  15648 445940    0    0     0     0 15328 5788 3 71 26  0  0  0
 0  0      0 300756  15656 445968    0    0     0    16 15089 5577 3 67 28  2  0  0
 0  0      0 301796  15656 446020    0    0     0     0 15249 5705 2 69 29  0  0  0
 0  0      0 287856  15656 448084    0    0  2032     0 15616 5694 2 73 24  0  0  0
 6  0      0 287164  15656 448136    0    0     0     0 14676 5734 2 67 31  0  0  0
 0  0      0 288356  15656 448176    0    0     0     0 14414 5595 2 66 32  0  0  0
 5  0      0 288832  15664 448208    0    0     0    16 15802 5611 3 74 22  1  0  0
 0  0      0 290124  15664 448256    0    0     0     0 15457 5633 3 72 25  0  0  0
 2  0      0 289024  15664 448300    0    0     0     0 15027 5562 2 70 28  0  0  0
15  0      0 289640  15664 448340    0    0     0     0 14738 5614 1 68 31  0  0  0
 5  0      0 286780  15664 448380    0    0     0     0 15479 5497 3 74 23  0  0  0
10  0      0 288336  15672 448412    0    0     0    20 15328 5563 2 70 27  1  0  0
 5  0      0 289100  15672 448460    0    0     0     0 15145 5651 2 71 27  0  0  0
 8  0      0 285472  15672 448500    0    0     0     0 15203 5612 3 71 26  0  0  0
 0  0      0 285664  15672 448544    0    0     0   168 15044 5681 2 71 26  1  0  0
 2  0      0 286824  15672 448588    0    0     0     0 14443 5688 2 66 32  0  0  0
 0  0      0 288392  15680 448620    0    0     0    16 15061 5604 1 72 27  0  0  0
 4  0      0 286504  15680 448664    0    0     0    60 14618 5601 2 68 30  0  0  0
 8  0      0 288844  15680 448704    0    0     0     8 15155 5500 2 75 23  0  0  0
 0  0      0 290640  15680 448748    0    0     0     0 14232 5676 3 65 32  0  0  0
 0  0      0 286692  15680 448788    0    0     0  1224 14315 5402 2 68 30  0  0  0
 6  0      0 288048  15688 448820    0    0     0    36 14964 5618 2 70 28  0  0  0
 3  0      0 287800  15688 448868    0    0     0     0 14381 5575 1 70 29  0  0  0
 6  0      0 289400  15688 450492    0    0  1612     0 14571 5578 3 67 30  0  0  0
 0  0      0 280288  15688 450560    0    0     0     0 14295 5779 3 66 31  0  0  0
 8  0      0 282160  15688 450600    0    0     0     0 14591 5462 2 66 32  0  0  0
 0  0      0 279872  15696 450640    0    0     0    16 16244 5554 2 76 21  1  0  0
 0  0      0 281324  15696 450688    0    0     0     0 15481 5632 3 69 28  0  0  0
15  0      0 275268  15696 450724    0    0     0     0 15448 5298 3 79 18  0  0  0
 5  0      0 277612  15696 450768    0    0     0     0 14690 5667 2 69 29  0  0  0
 3  0      0 279076  15696 450804    0    0     0     0 14661 5503 3 67 30  0  0  0
 5  0      0 279876  15704 450836    0    0     0    16 15311 5534 2 72 25  1  0  0
 0  0      0 277964  15704 450888    0    0     0     0 14517 5581 3 67 30  0  0  0
 0  0      0 279132  15704 450928    0    0     0     0 14305 5506 2 65 33  0  0  0
 3  0      0 276816  15704 451364    0    0   392     0 14634 5619 2 70 27  1  0  0
 5  0      0 280032  15704 451400    0    0     0     0 14786 5524 3 69 28  0  0  0
 8  0      0 278576  15712 451432    0    0     0    16 15554 5442 2 76 22  0  0  0
 0  0      0 279420  15712 451488    0    0     0     0 15181 5598 3 69 28  0  0  0
 2  0      0 279268  15712 451528    0    0     0     0 15671 5661 2 74 24  0  0  0
 0  0      0 275472  15712 451568    0    0     0     4 15316 5442 2 75 23  0  0  0
 0  0      0 278272  15712 451608    0    0     0     0 15334 5655 3 70 27  0  0  0
11  0      0 278208  15720 451636    0    0     0    16 14265 5498 2 70 28  0  0  0
 4  0      0 279592  15720 451688    0    0     0     0 14623 5669 2 68 30  0  0  0
 3  0      0 277200  15720 451732    0    0     0     0 15492 5581 2 74 24  0  0  0
 0  0      0 273764  15720 452424    0    0   640     0 14861 5751 2 69 28  1  0  0
 0  0      0 276056  15720 452452    0    0     0     0 14085 5648 2 65 33  0  0  0
 1  0      0 273440  15728 452480    0    0     0    16 14685 5566 2 69 28  1  0  0
 1  0      0 277476  15728 452528    0    0     0     0 14470 5609 3 66 31  0  0  0
 4  0      0 275988  15728 452568    0    0     0     0 13970 5598 2 63 35  0  0  0
 6  0      0 276288  15728 452612    0    0     0     0 15542 5484 2 71 27  0  0  0
 0  0      0 276680  15728 452652    0    0     0     4 14567 5590 2 66 32  0  0  0
 8  0      0 276296  15736 452684    0    0     0  1252 15691 5618 2 73 25  0  0  0
 0  0      0 277076  15736 452736    0    0     0    20 14842 5668 2 69 29  0  0  0
 2  0      0 277112  15736 452776    0    0     0     0 15209 5679 2 70 28  0  0  0
 8  0      0 272072  15736 453904    0    0  1064     0 15383 5711 2 72 25  1  0  0
 4  0      0 271632  15736 453924    0    0     0     0 15252 5551 2 70 28  0  0  0
 1  0      0 275848  15744 453968    0    0     0    16 15395 5655 3 73 24  0  0  0
 0  0      0 275552  15744 454004    0    0     0     0 14383 5676 3 65 32  0  0  0
 9  0      0 274152  15744 454044    0    0     0     0 14097 5507 2 63 35  0  0  0
 8  0      0 274652  15744 454084    0    0     0     0 15611 5629 3 74 23  0  0  0
16  0      0 273320  15744 454124    0    0     0     0 15520 5665 2 73 25  0  0  0
 0  0      0 274648  15752 454172    0    0     0    16 14786 5727 2 67 31  0  0  0
 4  0      0 276056  15752 454208    0    0     0     0 14790 5648 2 65 33  0  0  0
 4  0      0 272676  15752 454248    0    0     0     0 15251 5451 3 76 21  0  0  0
 3  0      0 269468  15752 459516    0    0  5228     0 15216 5706 2 70 27  1  0  0
 6  0      0 267688  15752 459552    0    0     0     0 15136 5751 2 69 29  0  0  0
 8  0      0 269900  15760 459588    0    0     0    16 15415 5640 2 71 27  0  0  0
 7  0      0 271084  15760 459644    0    0     0     0 14715 5707 3 65 32  0  0  0
 1  0      0 271884  15760 459680    0    0     0     0 14794 5689 2 69 29  0  0  0
 2  0      0 270744  15760 459724    0    0     0     0 14683 5584 3 71 26  0  0  0
 6  0      0 269408  15760 459760    0    0     0     0 14027 5487 2 71 27  0  0  0
 3  0      0 270004  15768 459792    0    0     0    20 15685 5636 2 74 22  1  0  0
 6  0      0 271196  15768 459848    0    0     0     0 14100 5563 3 67 30  0  0  0
 3  0      0 271580  15768 459884    0    0     0     0 14655 5731 1 68 31  0  0  0
 5  0      0 271644  15768 459924    0    0     0     0 14635 5741 3 66 31  0  0  0
 0  0      0 268080  15768 460100    0    0   148     0 14903 5714 2 70 28  0  0  0
11  0      0 266112  15776 460128    0    0     0    16 15734 5546 2 76 22  0  0  0
 7  0      0 267876  15776 460184    0    0     0     0 15399 5725 3 70 27  0  0  0
 0  0      0 267816  15776 460220    0    0     0     0 14484 5525 2 70 28  0  0  0
14  0      0 264740  15776 460260    0    0     0     0 15444 5524 2 74 24  0  0  0
 5  0      0 268264  15776 460304    0    0     0     0 14888 5367 3 71 26  0  0  0
 0  0      0 265192  15784 460332    0    0     0    24 15074 5608 2 69 28  1  0  0
 0  0      0 269700  15784 460380    0    0     0  1224 14943 5827 3 69 28  0  0  0
 5  0      0 269200  15784 460428    0    0     0     0 15143 5690 2 72 26  0  0  0
 0  0      0 270592  15784 460464    0    0     0     0 15207 5584 2 70 28  0  0  0
 6  0      0 268064  15784 460592    0    0    92     0 14821 5599 3 68 29  0  0  0
 3  0      0 265940  15792 460620    0    0     0    36 15008 5750 2 69 29  0  0  0
 0  0      0 265180  15792 460668    0    0     0    24 15527 5486 2 72 26  0  0  0
 3  0      0 268468  15792 460708    0    0     0     0 14497 5425 3 67 30  0  0  0
 6  0      0 268340  15792 460744    0    0     0     0 15881 5701 3 76 21  0  0  0
 0  0      0 266164  15792 460792    0    0     0     0 15893 5409 2 82 16  0  0  0
 2  0      0 268080  15800 460832    0    0     0    16 14143 5601 2 66 32  0  0  0
 7  0      0 267504  15800 460868    0    0     0     0 15121 5645 3 69 28  0  0  0
 6  0      0 267136  15800 460912    0    0     0     0 14752 5503 2 70 28  0  0  0
 0  0      0 267104  15800 460952    0    0     0     0 14827 5668 2 66 32  0  0  0
 1  0      0 268636  15800 469184    0    0  8192     0 14770 5697 1 69 30  0  0  0
16  0      0 268000  15808 469232    0    0     0    16 15192 5585 3 70 26  1  0  0
 1  0      0 268884  15808 469268    0    0     0     0 15225 5744 2 74 24  0  0  0
 7  0      0 268788  15808 469308    0    0     0     0 15206 5648 3 71 26  0  0  0
 6  0      0 267700  15808 469352    0    0     0     4 14962 5598 2 71 27  0  0  0
 7  0      0 267380  15808 469388    0    0     0     0 14959 5624 2 69 29  0  0  0
 3  0      0 268628  15816 469436    0    0     0    16 15132 5432 2 74 23  0  0  0
 8  0      0 266644  15816 469476    0    0     0     0 14505 5385 2 69 29  0  0  0
 9  0      0 267832  15816 469512    0    0     0     0 15325 5551 3 71 26  0  0  0
 3  0      0 267072  15816 469556    0    0     0     0 14894 5489 2 73 25  0  0  0
 0  0      0 250920  15816 480900    0    0 11272     0 15191 5634 1 73 24  2  0  0
 4  0      0 250332  15824 480896    0    0     0    16 15769 5498 3 75 22  0  0  0
 0  0      0 250988  15824 480956    0    0     0     0 14906 5590 2 73 25  0  0  0
 6  0      0 249580  15824 480992    0    0     0     0 15453 5633 3 74 24  0  0  0
 7  0      0 251244  15824 481036    0    0     0     0 14628 5672 1 67 32  0  0  0
 5  0      0 250232  15824 481076    0    0     0     0 14486 5586 2 65 33  0  0  0
13  0      0 251636  15832 481104    0    0     0    16 14830 5449 3 74 23  0  0  0
 0  0      0 251944  15832 481160    0    0     0     0 15400 5628 3 71 26  0  0  0
 2  0      0 251112  15832 481200    0    0     0  1228 14795 5566 1 71 28  0  0  0
 0  0      0 250472  15832 481236    0    0     0     0 16155 5667 2 79 19  0  0  0
 7  0      0 252540  15832 481276    0    0     0     0 15200 5605 3 68 29  0  0  0
 4  0      0 238072  15840 486672    0    0  5364    36 14716 5793 2 68 29  1  0  0
 2  0      0 241472  15840 486720    0    0     0     0 15351 5672 3 69 28  0  0  0
 6  0      0 241280  15840 486768    0    0     0     0 13707 5503 1 61 38  0  0  0
 0  0      0 240428  15840 486804    0    0     0     0 14950 5610 2 68 30  0  0  0
 0  0      0 240884  15840 486848    0    0     0     0 15410 5691 2 73 25  0  0  0
 0  0      0 241360  15848 486888    0    0     0    16 14747 5664 2 67 31  0  0  0
 5  0      0 240808  15848 486924    0    0     0    20 15368 5777 2 71 27  0  0  0
 5  0      0 240960  15848 486968    0    0     0     0 14903 5441 3 70 27  0  0  0
 0  0      0 241920  15848 487004    0    0     0     0 15320 5739 2 70 28  0  0  0
 1  0      0 242184  15848 487048    0    0     0     0 14802 5586 2 66 32  0  0  0
 0  0      0 240304  15856 487796    0    0   720    16 14915 5578 3 67 28  2  0  0
 6  0      0 240840  15856 487832    0    0     0     0 15334 5635 2 71 27  0  0  0
 0  0      0 241320  15856 487872    0    0     0     0 15469 5590 3 73 24  0  0  0
 0  0      0 239616  15856 487916    0    0     0     0 14761 5662 3 68 29  0  0  0
 0  0      0 241764  15856 487952    0    0     0     0 14402 5554 2 67 31  0  0  0
 5  0      0 242492  15864 487996    0    0     0    20 14884 5619 2 70 27  1  0  0
 0  0      0 239492  15864 488032    0    0     0     0 14775 5615 2 72 26  0  0  0
 1  0      0 242020  15864 488076    0    0     0     0 15438 5680 2 70 28  0  0  0
 9  0      0 239880  15864 488116    0    0     0     0 14497 5464 2 72 26  0  0  0
 0  0      0 242184  15864 488152    0    0     0     0 13944 5540 2 67 31  0  0  0
 4  0      0 239332  15872 491848    0    0  3644    16 14251 5346 3 69 28  0  0  0
 2  0      0 239100  15872 491888    0    0     0     0 14581 5608 2 67 31  0  0  0
 0  0      0 239524  15872 491924    0    0     0     0 15620 5662 2 74 24  0  0  0
 3  0      0 239184  15872 491964    0    0     0     0 14903 5560 2 68 30  0  0  0
 5  0      0 239256  15872 492008    0    0     0     0 14323 5537 2 65 33  0  0  0
 2  0      0 237760  15880 492048    0    0     0    16 15727 5593 2 73 25  0  0  0
 2  0      0 236096  15880 492088    0    0     0     0 14909 5750 2 68 30  0  0  0
 6  0      0 236780  15880 492124    0    0     0  1224 15223 5538 3 71 26  0  0  0
 1  0      0 238620  15880 492168    0    0     0     4 14469 5587 2 66 32  0  0  0
 0  0      0 239228  15880 492208    0    0     0     0 14624 5780 3 65 31  1  0  0
12  0      0 228220  15888 493240    0    0   964    28 15124 5439 2 73 25  0  0  0
 0  0      0 235768  15888 493244    0    0     0     0 14514 5524 2 65 33  0  0  0
 7  0      0 237080  15888 493284    0    0     0     0 15252 5584 2 74 24  0  0  0
 2  0      0 236096  15888 493324    0    0     0     0 15157 5490 3 73 24  0  0  0
 0  0      0 235984  15888 493368    0    0     0     0 13904 5656 2 62 36  0  0  0
 0  0      0 234320  15896 493396    0    0     0    16 15590 5576 2 73 24  1  0  0
 0  0      0 236936  15896 493444    0    0     0     0 15199 5687 3 69 28  0  0  0
10  0      0 235448  15896 493492    0    0     0     0 15152 5705 2 71 27  0  0  0
 0  0      0 238036  15896 493528    0    0     0     0 15091 5728 2 71 27  0  0  0
 6  0      0 238312  15896 493568    0    0     0     0 14980 5487 1 69 30  0  0  0
 0  0      0 237512  15904 493608    0    0     0    16 13993 5526 3 64 32  1  0  0
 3  0      0 235196  15904 493640    0    0     0    16 15053 5623 2 72 26  0  0  0
 1  0      0 237092  15904 493688    0    0     0     0 14728 5510 3 68 29  0  0  0
 9  0      0 234580  15904 493724    0    0     0     4 14368 5488 3 67 30  0  0  0
 6  0      0 236952  15904 493768    0    0     0     0 15013 5535 2 69 29  0  0  0
11  0      0 237640  15912 493808    0    0     0    16 14901 5732 2 69 29  0  0  0
 9  0      0 237624  15912 493844    0    0     0     0 14653 5456 1 69 30  0  0  0
 5  0      0 238232  15912 493888    0    0     0     0 15124 5556 2 72 26  0  0  0
 0  0      0 236824  15912 493932    0    0     0     0 14654 5655 3 68 29  0  0  0
 6  0      0 238456  15912 493968    0    0     0     0 14930 5648 2 71 27  0  0  0
 4  0      0 236068  15920 494008    0    0     0    16 13896 5614 2 65 32  1  0  0
 5  0      0 234100  15920 494052    0    0     0     0 15332 5550 3 71 26  0  0  0
 3  0      0 235156  15920 494088    0    0     0     0 14519 5617 2 65 33  0  0  0
 0  0      0 235232  15920 494128    0    0     0     0 15609 5684 2 73 25  0  0  0
 0  0      0 227992  15920 494164    0    0     0     0 15083 5531 3 71 26  0  0  0
 0  0      0 233280  15928 494212    0    0     0    16 14548 5517 3 67 30  0  0  0
 7  0      0 236292  15928 494252    0    0     0     0 15209 5674 2 73 25  0  0  0
 0  0      0 237636  15928 494292    0    0     0     0 15000 5733 2 68 30  0  0  0
 2  0      0 237260  15928 494332    0    0     0  1224 15499 5637 3 73 24  0  0  0
 2  0      0 238260  15928 494372    0    0     0     8 13956 5590 2 65 33  0  0  0
10  0      0 237472  15936 494420    0    0     0    36 14652 5568 2 67 30  1  0  0
 0  0      0 237956  15936 494460    0    0     0     0 14138 5624 2 68 30  0  0  0
 3  0      0 235404  15936 494496    0    0     0     0 15044 5441 2 74 24  0  0  0
 1  0      0 237132  15936 494536    0    0     0     0 14696 5635 3 68 29  0  0  0
 5  0      0 234548  15936 494580    0    0     0     0 15299 5586 2 70 28  0  0  0
 7  0      0 235828  15944 494616    0    0     0    16 14381 5526 3 66 31  0  0  0
 2  0      0 234740  15944 494660    0    0     0     0 14578 5539 2 66 32  0  0  0
 0  0      0 236212  15944 494700    0    0     0     0 14107 5443 3 68 29  0  0  0
 9  0      0 237804  15944 494740    0    0     0     0 14661 5788 2 70 28  0  0  0
 0  0      0 239264  15944 494780    0    0     0     0 14783 5578 1 73 26  0  0  0
 1  0      0 236164  15952 494820    0    0     0    16 14819 5542 2 69 28  1  0  0
 7  0      0 234096  15952 494844    0    0     0     0 15178 5695 3 70 27  0  0  0
 0  0      0 232596  15952 494884    0    0     0     0 14846 5567 2 69 29  0  0  0
 0  0      0 234100  15952 494920    0    0     0     0 14744 5539 2 68 30  0  0  0
 5  0      0 233160  15952 494964    0    0     0     0 14273 5499 2 69 29  0  0  0
 9  0      0 232800  15960 495004    0    0     0    20 15095 5578 2 77 21  0  0  0
 0  0      0 233828  15960 495040    0    0     0    24 14810 5778 3 66 31  0  0  0
 5  0      0 233804  15960 495088    0    0     0     0 14343 5665 2 63 35  0  0  0
 8  0      0 232556  15960 495132    0    0     0     0 15269 5866 2 71 27  0  0  0
 0  0      0 232704  15960 495168    0    0     0     0 15095 5679 1 70 29  0  0  0
11  0      0 232640  15968 495208    0    0     0    16 14952 5712 2 70 28  0  0  0
 0  0      0 232396  15968 495248    0    0     0     0 15448 5585 3 72 24  0  0  0
 8  0      0 234160  15968 495276    0    0     0     0 15573 5398 2 79 19  0  0  0
 0  0      0 235716  15968 495316    0    0     0     0 14799 5286 3 74 23  0  0  0
 4  0      0 235232  15968 495356    0    0     0     0 15087 5705 1 71 28  0  0  0
 0  0      0 234864  15976 495396    0    0     0    16 15184 5395 3 72 25  0  0  0
 2  0      0 233484  15976 495436    0    0     0     0 15210 5652 2 70 28  0  0  0
12  0      0 234696  15976 495472    0    0     0     0 15150 5701 2 71 27  0  0  0
 8  0      0 235376  15976 495516    0    0     0     0 15239 5815 2 69 29  0  0  0
 0  0      0 235932  15976 495552    0    0     0  1224 15439 5746 2 73 25  0  0  0
 6  0      0 234264  15984 495592    0    0     0    44 15073 5622 2 70 27  1  0  0
 7  0      0 233868  15984 495632    0    0     0     0 15252 5679 2 70 28  0  0  0
 0  0      0 236356  15984 495664    0    0     0     0 15173 5571 2 70 28  0  0  0
 0  0      0 233684  15984 495704    0    0     0     0 14503 5419 3 69 28  0  0  0
12  0      0 235508  15984 495744    0    0     0     0 14451 5659 2 67 31  0  0  0
 9  0      0 235492  15992 495784    0    0     0    16 14868 5641 3 67 30  0  0  0
 9  0      0 235404  15992 495824    0    0     0     0 15189 5529 2 73 25  0  0  0
 2  0      0 234364  15992 495860    0    0     0     0 15392 5526 2 73 25  0  0  0
 0  0      0 234236  15992 495904    0    0     0     0 15021 5573 2 71 27  0  0  0
 2  0      0 234236  15992 495944    0    0     0     0 15507 5567 3 73 23  0  0  0
 0  0      0 233980  16000 495980    0    0     0    16 15457 5682 2 71 27  0  0  0
 2  0      0 236564  16000 496020    0    0     0     0 15899 5532 2 77 21  0  0  0
 0  0      0 236368  16000 496064    0    0     0     0 14633 5547 2 69 29  0  0  0
 0  0      0 236184  16000 496100    0    0     0     0 14307 5694 2 65 33  0  0  0
 0  0      0 233696  16000 496140    0    0     0     4 15074 5402 2 71 27  0  0  0
 0  0      0 235300  16008 496180    0    0     0    16 15301 5642 3 71 26  0  0  0
 6  0      0 234216  16008 496220    0    0     0     0 15366 5569 2 74 24  0  0  0
 4  0      0 234880  16008 496260    0    0     0     0 15027 5530 2 74 24  0  0  0
 0  0      0 236032  16008 496300    0    0     0     0 15170 5712 2 70 28  0  0  0
 5  0      0 234400  16008 496340    0    0     0     0 15093 5624 3 71 26  0  0  0
 6  0      0 236036  16016 496380    0    0     0    16 14876 5507 2 70 27  1  0  0
 0  0      0 236332  16016 496420    0    0     0    20 15566 5546 3 74 23  0  0  0
 0  0      0 236288  16016 496460    0    0     0     0 14428 5742 2 65 33  0  0  0
16  0      0 236844  16016 496496    0    0     0     0 14818 5708 2 68 30  0  0  0
 0  0      0 235480  16016 496536    0    0     0     0 14468 5676 3 64 33  0  0  0
 5  0      0 235640  16024 496580    0    0     0    16 13957 5585 2 64 34  0  0  0
 7  0      0 235244  16024 496616    0    0     0     0 14273 5659 2 66 32  0  0  0
 0  0      0 235864  16024 496656    0    0     0     0 15573 5498 3 73 24  0  0  0
 6  0      0 234956  16024 496696    0    0     0     0 15098 5767 2 70 28  0  0  0
 2  0      0 236224  16024 496736    0    0     0  1220 14386 5622 3 65 32  0  0  0
 3  0      0 236936  16032 496776    0    0     0    28 15192 5675 2 74 22  2  0  0
 2  0      0 236116  16032 496816    0    0     0     4 15290 5538 3 75 22  0  0  0
 7  0      0 235308  16032 496856    0    0     0     0 15976 5513 2 78 20  0  0  0
 0  0      0 235884  16032 496896    0    0     0     0 14608 5523 2 68 30  0  0  0
 0  0      0 235504  16032 496932    0    0     0     0 15515 5621 2 73 25  0  0  0
 2  0      0 234456  16040 496976    0    0     0    16 14381 5750 2 65 32  1  0  0
 1  0      0 235352  16040 497016    0    0     0     0 13993 5364 2 63 35  0  0  0
 5  0      0 234136  16040 497052    0    0     0     0 14705 5588 2 69 29  0  0  0
 0  0      0 234200  16040 497092    0    0     0     0 14901 5623 3 69 28  0  0  0
 5  0      0 235468  16040 497132    0    0     0     0 14713 5641 2 67 31  0  0  0
 0  0      0 236844  16048 497172    0    0     0    16 14092 5598 2 67 30  1  0  0
 0  0      0 229816  16048 497216    0    0     0     0 14521 5223 3 69 28  0  0  0
 0  0      0 230392  16048 497216    0    0     0     0 1027   77  0  1 99  0  0  0
 0  0      0 230384  16048 497216    0    0     0     0 1011   61  0  1 99  0  0  0
 0  0      0 230384  16048 497216    0    0     0     0 1009   60  0  2 98  0  0  0
 0  0      0 230384  16048 497216    0    0     0     0 1014   66  0  1 99  0  0  0
 0  0      0 230384  16056 497216    0    0     0    20 1014   72  0  1 97  2  0  0
 0  0      0 230384  16064 497216    0    0     0  2064 1023  108  0  2 97  1  0  0
 0  0      0 230384  16064 497216    0    0     0     0 1028  150  0  1 99  0  0  0
 0  0      0 230384  16064 497216    0    0     0     0 1015   83  0  1 99  0  0  0
