procs -----------memory---------- ---swap-- -----io---- -system-- -------cpu-------
 r  b   swpd   free   buff  cache   si   so    bi    bo   in   cs us sy id wa st gu
 0  0      0 342916  15580 438352    0    0 61609   917 2022   48  3 22 67  8  0  0
 1  0      0 337904  15580 438408    0    0     0     0 9919 3873  1 48 51  0  0  0
 6  0      0 336424  15580 438436    0    0     0     0 11457 4343 2 53 45  0  0  0
 0  0      0 336692  15580 438460    0    0     0     0 9876 4079  1 45 54  0  0  0
 3  0      0 335580  15580 438488    0    0     0     0 10046 4002 2 44 54  0  0  0
 1  0      0 335996  15588 438504    0    0     0    64 9575 3943  1 44 54  1  0  0
 0  0      0 332772  15588 438540    0    0     0     0 10219 4255 2 48 50  0  0  0
 1  0      0 333332  15588 438564    0    0     0     0 10580 4138 1 49 50  0  0  0
 2  0      0 333612  15588 438588    0    0     0     0 10215 4234 2 47 51  0  0  0
 0  0      0 333964  15588 438612    0    0     0     0 10775 4187 1 50 49  0  0  0
 0  0      0 333480  15596 438628    0    0     0    24 9938 4138  2 46 51  1  0  0
 0  0      0 332272  15596 438664    0    0     0     0 11212 4069 1 54 45  0  0  0
 0  0      0 333764  15596 438688    0    0     0     0 10172 4073 1 46 53  0  0  0
 0  0      0 334052  15596 438720    0    0     0     0 10732 3985 2 47 51  0  0  0
 0  0      0 329764  15596 438744    0    0     0     0 10775 4276 1 49 50  0  0  0
 1  0      0 330804  15604 438764    0    0     0    16 12019 4194 2 54 43  1  0  0
 0  0      0 328332  15604 438796    0    0     0     0 10327 3832 2 47 51  0  0  0
 3  0      0 329720  15604 438824    0    0     0     0 10188 3998 1 48 51  0  0  0
 0  0      0 330264  15604 438848    0    0     0     0 10242 4030 2 48 50  0  0  0
 3  0      0 330996  15604 438872    0    0     0     0 10825 4144 1 49 50  0  0  0
 0  0      0 332308  15612 438892    0    0     0    16 10666 4075 2 46 52  0  0  0
 0  0      0 333084  15612 438924    0    0     0     0 10082 3938 1 44 55  0  0  0
 0  0      0 333640  15612 438952    0    0     0     0 10468 4004 1 49 49  0  0  0
 0  0      0 334080  15612 438980    0    0     0     0 10507 4022 2 46 52  0  0  0
 0  0      0 333496  15612 439004    0    0     0     0 11240 4055 2 51 47  0  0  0
 0  0      0 333612  15620 439020    0    0     0    16 9910 3927  1 45 52  2  0  0
 5  0      0 331756  15620 439052    0    0     0     0 10547 3955 1 47 52  0  0  0
 4  0      0 317900  15620 439112    0    0     0   212 10569 3893 2 48 50  0  0  0
 0  0      0 319060  15620 439104    0    0     0  4484 10595 4393 1 46 52  1  0  0
 0  0      0 320028  15620 439124    0    0     0    44 10161 4098 2 44 54  0  0  0
 0  0      0 321180  15632 439140    0    0     0    60 10394 4149 1 45 53  1  0  0
 0  0      0 320880  15632 439180    0    0     0     4 10745 4031 2 47 51  0  0  0
 1  0      0 320752  15632 439204    0    0     0     0 11103 4072 2 48 50  0  0  0
 0  0      0 321804  15632 439232    0    0     0     0 11074 4131 1 47 52  0  0  0
 0  0      0 322060  15632 439256    0    0     0   860 10858 4122 2 47 51  0  0  0
 0  0      0 321516  15640 439272    0    0     0    36 10420 3933 2 47 51  0  0  0
 2  0      0 320620  15640 439308    0    0     0     0 10797 3947 2 49 50  0  0  0
 6  0      0 303436  15640 439332    0    0     0     0 10678 3997 1 53 46  0  0  0
 3  0      0 304204  15640 439356    0    0     0     0 10264 4050 2 46 52  0  0  0
 5  0      0 304632  15640 439384    0    0     0     0 10529 4027 1 47 52  0  0  0
 0  0      0 305432  15648 439408    0    0     0    16 9598 3769  2 45 52  1  0  0
12  0      0 303392  15648 439440    0    0     0     0 10289 3870 2 48 50  0  0  0
 2  0      0 302592  15648 439464    0    0     0     0 11103 4075 1 48 51  0  0  0
 0  0      0 303360  15648 439492    0    0     0     0 10420 4089 1 46 53  0  0  0
 0  0      0 303212  15648 439516    0    0     0     0 10675 4130 2 50 48  0  0  0
 1  0      0 303844  15656 439532    0    0     0    16 10695 4004 1 47 49  2  0  0
 0  0      0 303844  15656 439568    0    0     0     0 10441 4010 2 45 53  0  0  0
 4  0      0 292388  15656 441648    0    0  2032     0 10800 4145 1 51 48  0  0  0
 0  0      0 290660  15656 441652    0    0     0     0 10709 4141 2 47 51  0  0  0
 0  0      0 291524  15656 441684    0    0     0     0 10704 4092 1 44 55  0  0  0
 3  0      0 292068  15664 441700    0    0     0    16 10491 4105 2 45 52  1  0  0
 4  0      0 292940  15664 441736    0    0     0     0 10414 4168 1 45 54  0  0  0
 0  0      0 291156  15664 441760    0    0     0     0 10724 3955 2 49 49  0  0  0
 5  0      0 292424  15664 441784    0    0     0     0 11142 3908 1 53 46  0  0  0
 2  0      0 292872  15664 441808    0    0     0     0 10018 3950 1 48 51  0  0  0
 2  0      0 288944  15672 441828    0    0     0    20 10591 3966 3 46 49  2  0  0
 0  0      0 289488  15672 441860    0    0     0     0 10107 4040 1 47 52  0  0  0
 4  0      0 290064  15672 441888    0    0     0     0 10369 4056 1 44 55  0  0  0
 2  0      0 290520  15672 441920    0    0     0     0 10102 4101 1 43 56  0  0  0
 2  0      0 289048  15672 441944    0    0     0     0 11699 4241 2 53 45  0  0  0
 0  0      0 290088  15680 441964    0    0     0    16 11346 4125 2 51 45  2  0  0
 1  0      0 288840  15680 441996    0    0     0    52 10438 3998 1 47 52  0  0  0
 0  0      0 289524  15680 442020    0    0     0     8 9990 4012  2 46 52  0  0  0
13  0      0 290816  15680 442048    0    0     0     0 10314 4020 1 46 53  0  0  0
 0  0      0 291424  15680 442072    0    0     0     0 11015 4097 2 48 50  0  0  0
 0  0      0 292128  15688 442088    0    0     0   816 10378 3999 1 45 54  0  0  0
 0  0      0 292988  15688 442124    0    0     0     0 10015 3950 1 49 50  0  0  0
 6  0      0 291332  15688 442152    0    0     0     0 10986 4062 2 53 45  0  0  0
 0  0      0 284632  15688 443788    0    0  1612     0 10851 4189 1 50 49  1  0  0
 0  0      0 284280  15688 443812    0    0     0     0 9840 3886  1 43 56  0  0  0
 5  0      0 285688  15696 443832    0    0     0    16 9981 3966  2 47 50  2  0  0
 0  0      0 286360  15696 443864    0    0     0     0 10078 3935 2 47 51  0  0  0
 5  0      0 284888  15696 443888    0    0     0     0 10632 4157 1 51 48  0  0  0
 0  0      0 286508  15696 443916    0    0     0     0 10006 3955 1 46 53  0  0  0
 0  0      0 285940  15696 443940    0    0     0     0 9634 3816  1 43 56  0  0  0
 7  0      0 284924  15704 443956    0    0     0    16 10558 3946 1 46 52  1  0  0
 8  0      0 285384  15704 444000    0    0     0     0 11057 4160 3 53 44  0  0  0
 6  0      0 286268  15704 444024    0    0     0     0 10737 4085 1 49 49  0  0  0
 0  0      0 285840  15704 444480    0    0   392     0 9942 4055  2 45 52  1  0  0
 0  0      0 286392  15704 444468    0    0     0     0 10542 4033 1 46 53  0  0  0
 6  0      0 287864  15712 444484    0    0     0    16 9783 3866  2 43 53  2  0  0
 0  0      0 286232  15712 444516    0    0     0     0 11066 4216 1 48 51  0  0  0
 6  0      0 286528  15712 444540    0    0     0     0 11687 4139 2 52 46  0  0  0
 6  0      0 286540  15712 444568    0    0     0     0 10454 3897 1 46 53  0  0  0
 0  0      0 283596  15712 444592    0    0     0     0 9886 3895  2 44 54  0  0  0
 0  0      0 285468  15720 444612    0    0     0    20 9702 3882  1 48 51  0  0  0
 0  0      0 287340  15720 444648    0    0     0     0 10798 4025 2 48 50  0  0  0
 0  0      0 286264  15720 444672    0    0     0     0 9996 4056  1 45 54  0  0  0
 0  0      0 286988  15720 445384    0    0   640     0 10388 4027 2 48 49  1  0  0
 2  0      0 286924  15720 445364    0    0     0     0 9507 3896  2 40 58  0  0  0
 0  0      0 285880  15728 445380    0    0     0    16 10849 4031 1 49 49  0  0  0
 0  0      0 286392  15728 445416    0    0     0     0 10588 3951 2 48 50  0  0  0
 0  0      0 285696  15728 445440    0    0     0     0 10064 3880 2 45 53  0  0  0
 0  0      0 285760  15728 445468    0    0     0     4 10598 4026 1 47 52  0  0  0
13  0      0 277984  15728 445496    0    0     0     0 10526 4106 1 50 50  0  0  0
 3  0      0 282064  15736 445512    0    0     0   812 10162 4026 1 47 52  0  0  0
 0  0      0 284364  15736 445548    0    0     0    20 9929 3929  2 43 55  0  0  0
 5  0      0 285132  15736 445572    0    0     0     0 10509 3947 1 45 54  0  0  0
 0  0      0 282572  15736 446712    0    0  1064     0 10616 4216 1 49 48  2  0  0
 8  0      0 283296  15736 446688    0    0     0     0 10359 3995 1 46 53  0  0  0
 0  0      0 283872  15744 446708    0    0     0    16 9763 3959  1 43 55  1  0  0
 0  0      0 285580  15744 446740    0    0     0     0 10114 3836 2 44 54  0  0  0
 3  0      0 286380  15744 446772    0    0     0     0 10816 4087 1 47 52  0  0  0
 0  0      0 285148  15744 446800    0    0     0     0 10959 4163 1 48 51  0  0  0
 2  0      0 286608  15744 446824    0    0     0     0 10276 4088 2 44 54  0  0  0
 0  0      0 279312  15752 446840    0    0     0    16 11256 4047 1 51 47  1  0  0
 0  0      0 282464  15752 446872    0    0     0     0 10362 3921 2 46 52  0  0  0
 7  0      0 284168  15752 446900    0    0     0     0 10753 4065 2 47 51  0  0  0
 0  0      0 284720  15752 446924    0    0     0     0 10344 4144 1 43 56  0  0  0
 0  0      0 280420  15752 452168    0    0  5228     0 10227 3853 2 48 50  0  0  0
 0  0      0 281060  15760 452188    0    0     0    16 10335 3983 1 44 55  0  0  0
 1  0      0 281588  15760 452224    0    0     0     0 9998 4041  1 47 52  0  0  0
 5  0      0 278132  15760 452248    0    0     0     0 11366 4065 2 51 47  0  0  0
 0  0      0 278624  15760 452276    0    0     0     0 10177 4031 1 44 55  0  0  0
 6  0      0 279212  15760 452300    0    0     0     0 10403 3977 2 49 50  0  0  0
 0  0      0 279436  15768 452316    0    0     0    20 10248 3849 2 46 50  2  0  0
15  0      0 279232  15768 452352    0    0     0     0 11387 4183 2 51 47  0  0  0
 0  0      0 280608  15768 452376    0    0     0     0 11189 4113 2 52 46  0  0  0
 7  0      0 280904  15768 452400    0    0     0     0 10429 4028 2 46 52  0  0  0
 0  0      0 276224  15768 452612    0    0   148     0 10560 4044 1 46 51  2  0  0
10  0      0 276856  15776 452592    0    0     0    16 10610 4014 1 47 52  0  0  0
 3  0      0 277348  15776 452624    0    0     0     0 10273 3907 2 48 50  0  0  0
 0  0      0 276036  15776 452648    0    0     0     0 10091 3974 2 45 53  0  0  0
 0  0      0 275852  15776 452676    0    0     0     0 10548 3923 1 48 51  0  0  0
 0  0      0 276400  15776 452700    0    0     0     0 9913 3832  2 43 55  0  0  0
 4  0      0 277604  15784 452716    0    0     0    32 11463 4166 1 54 45  0  0  0
 4  0      0 275124  15784 452752    0    0     0   780 11394 4237 2 51 47  0  0  0
 1  0      0 277764  15784 452776    0    0     0     0 10151 3964 1 47 52  0  0  0
 0  0      0 279164  15784 452800    0    0     0     0 10263 4083 1 46 53  0  0  0
 4  0      0 277916  15784 452964    0    0    92     0 10347 4065 2 44 52  2  0  0
 0  0      0 277148  15792 452924    0    0     0    28 10483 3992 1 45 54  0  0  0
 0  0      0 275324  15792 452960    0    0     0    24 10376 3919 2 47 51  0  0  0
 0  0      0 277656  15792 452984    0    0     0     0 11192 4078 2 50 48  0  0  0
 7  0      0 279428  15792 453008    0    0     0     0 10405 4011 1 47 52  0  0  0
 1  0      0 279128  15792 453036    0    0     0     0 10683 4017 2 48 50  0  0  0
 1  0      0 273960  15800 453052    0    0     0    16 11096 4127 2 53 44  1  0  0
 3  0      0 278100  15800 453084    0    0     0     0 10085 3962 1 45 54  0  0  0
 2  0      0 280416  15800 453108    0    0     0     0 10452 4010 2 46 52  0  0  0
 3  0      0 278784  15800 453140    0    0     0     0 10832 4197 2 49 49  0  0  0
 0  0      0 265828  15800 461412    0    0  8192     0 11377 4058 2 50 47  1  0  0
 3  0      0 267044  15808 461376    0    0     0    16 10376 4057 2 46 52  0  0  0
 0  0      0 267844  15808 461412    0    0     0     0 10043 3888 2 47 51  0  0  0
 9  0      0 267744  15808 461436    0    0     0     0 10104 4089 1 44 55  0  0  0
 0  0      0 268960  15808 461464    0    0     0     0 10233 4017 2 44 54  0  0  0
 0  0      0 267656  15808 461488    0    0     0     0 10493 3943 1 49 50  0  0  0
 0  0      0 268840  15816 461508    0    0     0    20 9889 3974  1 43 55  1  0  0
 0  0      0 268628  15816 461540    0    0     0     0 10472 4046 2 46 52  0  0  0
 0  0      0 269172  15816 461572    0    0     0     0 10886 4083 1 50 49  0  0  0
 0  0      0 268676  15816 461596    0    0     0     0 10661 4147 2 48 49  0  0  0
 0  0      0 268848  15816 461620    0    0     0     0 9451 3849  2 42 56  0  0  0
 0  0      0 263856  15824 472896    0    0 11272    16 10058 3903 1 45 53  1  0  0
 4  0      0 264860  15824 472928    0    0     0     0 10737 4097 2 47 51  0  0  0
 2  0      0 263900  15824 472952    0    0     0     0 10875 3967 2 51 47  0  0  0
 0  0      0 264388  15824 472980    0    0     0     0 10744 3929 2 51 47  0  0  0
 0  0      0 264468  15824 473004    0    0     0     0 11149 4064 2 50 48  0  0  0
 7  0      0 263252  15832 473020    0    0     0    16 10947 4051 2 49 49  1  0  0
 0  0      0 264660  15832 473060    0    0     0     8 10826 4048 2 48 49  0  0  0
 0  0      0 264308  15832 473084    0    0     0   780 10679 4138 1 48 51  0  0  0
 0  0      0 263316  15832 473108    0    0     0     0 10037 3959 2 45 53  0  0  0
 2  0      0 264244  15832 473136    0    0     0     0 11075 3952 1 48 51  0  0  0
 5  0      0 253456  15840 478552    0    0  5364    36 10168 4065 2 46 50  2  0  0
 2  0      0 251024  15840 478548    0    0     0     0 9927 3942  1 44 55  0  0  0
 6  0      0 251572  15840 478572    0    0     0     0 9993 3958  2 44 54  0  0  0
 0  0      0 251864  15840 478600    0    0     0     0 10698 3948 2 49 50  0  0  0
10  0      0 252472  15840 478624    0    0     0     0 10383 4145 1 45 54  0  0  0
 0  1      0 251972  15848 478648    0    0     0    16 10404 3992 2 46 52  0  0  0
 0  0      0 252324  15848 478684    0    0     0     0 9719 3884  1 42 56  1  0  0
 0  0      0 253132  15848 478708    0    0     0    20 9914 3981  1 44 55  0  0  0
 0  0      0 252876  15848 478732    0    0     0     0 10108 4133 1 46 53  0  0  0
 0  0      0 252076  15848 478760    0    0     0     0 10945 4083 2 49 50  0  0  0
 0  0      0 248908  15856 479536    0    0   720    16 10455 4042 1 48 49  2  0  0
 0  0      0 248524  15856 479508    0    0     0     0 9964 3931  2 42 56  0  0  0
 4  0      0 248104  15856 479532    0    0     0     0 9824 3988  0 42 58  0  0  0
 5  0      0 245964  15856 479560    0    0     0     0 11396 4216 2 49 50  0  0  0
 2  0      0 249776  15856 479588    0    0     0     0 9988 4053  2 44 54  0  0  0
 3  1      0 250204  15864 479604    0    0     0    20 10430 3860 1 45 54  0  0  0
 0  0      0 251420  15864 479636    0    0     0     0 10619 3922 2 46 51  1  0  0
 5  0      0 252004  15864 479660    0    0     0     0 10379 4089 1 44 55  0  0  0
 0  0      0 251076  15864 479684    0    0     0     0 10054 3946 1 45 54  0  0  0
 0  0      0 251876  15864 479712    0    0     0     0 10581 4226 2 45 53  0  0  0
 0  0      0 244020  15864 483384    0    0  3644     0 10297 4021 1 49 50  0  0  0
 0  0      0 243716  15872 483400    0    0     0    16 9900 3999  1 43 56  0  0  0
 0  0      0 245064  15872 483432    0    0     0     0 10457 4148 1 46 53  0  0  0
 0  0      0 245896  15872 483460    0    0     0     0 9483 3876  2 42 56  0  0  0
 2  0      0 244176  15872 483484    0    0     0     0 9735 3820  1 44 55  0  0  0
 0  0      0 246252  15872 483508    0    0     0     0 10222 3887 2 46 52  0  0  0
14  0      0 246348  15880 483532    0    0     0    16 11057 4049 2 52 46  0  0  0
 0  0      0 246988  15880 483560    0    0     0     0 10304 3860 2 47 51  0  0  0
 0  0      0 248088  15880 483584    0    0     0   788 10146 3977 2 48 50  0  0  0
 0  0      0 247416  15880 483608    0    0     0     0 9975 3942  1 52 47  0  0  0
 4  0      0 247896  15880 483636    0    0     0     0 10352 4065 2 43 55  0  0  0
 0  0      0 242972  15888 484628    0    0   964    28 10039 4074 1 44 54  1  0  0
 6  0      0 241524  15888 484652    0    0     0     0 10011 3897 2 45 53  0  0  0
 0  0      0 245424  15888 484680    0    0     0     0 9863 3826  1 49 49  0  0  0
 1  0      0 246832  15888 484708    0    0     0     0 9937 3883  2 46 52  0  0  0
 0  0      0 247044  15888 484732    0    0     0     0 10631 3986 1 48 51  0  0  0
 5  0      0 245016  15896 484760    0    0     0    16 10067 3976 2 44 53  1  0  0
 3  0      0 245976  15896 484784    0    0     0     0 9752 3924  1 45 54  0  0  0
 7  0      0 246840  15896 484808    0    0     0     0 10299 4140 2 45 53  0  0  0
 0  0      0 244664  15896 484836    0    0     0     0 10441 4013 2 47 51  0  0  0
 0  0      0 245240  15896 484868    0    0     0     0 10134 4009 2 46 52  0  0  0
 0  0      0 242136  15904 484928    0    0     0    36 10577 4030 1 47 51  1  0  0
 0  0      0 244904  15904 484900    0    0     0     0 10212 3844 2 48 50  0  0  0
 0  0      0 245032  15904 484928    0    0     0     0 10706 3962 2 49 50  0  0  0
 0  0      0 244616  15904 484952    0    0     0     4 10071 4026 1 44 55  0  0  0
 8  0      0 245160  15904 484976    0    0     0     0 10339 3935 1 46 53  0  0  0
 2  0      0 244476  15912 485004    0    0     0    16 10618 4053 2 44 52  2  0  0
 0  0      0 242908  15912 485028    0    0     0     0 10897 3984 2 45 53  0  0  0
 2  0      0 244220  15912 485052    0    0     0     0 10721 4212 2 45 53  0  0  0
 2  0      0 244708  15912 485084    0    0     0     0 11115 3964 2 50 48  0  0  0
 0  0      0 244972  15912 485108    0    0     0     0 10064 3841 1 43 56  0  0  0
 0  0      0 241976  15920 485172    0    0     0    16 10809 4006 2 49 48  2  0  0
 3  0      0 242392  15920 485160    0    0     0     0 10776 3983 1 51 48  0  0  0
 0  0      0 244084  15920 485184    0    0     0     0 10830 3992 2 48 50  0  0  0
 0  0      0 243460  15920 485212    0    0     0     0 10609 3879 1 48 51  0  0  0
 0  0      0 244420  15920 485236    0    0     0     0 10714 3972 2 48 50  0  0  0
 0  0      0 244388  15928 485260    0    0     0    16 10166 3807 2 44 53  1  0  0
 0  0      0 244900  15928 485284    0    0     0     0 10496 4048 2 45 53  0  0  0
 2  0      0 246116  15928 485312    0    0     0   780 9875 3957  1 46 53  0  0  0
 0  0      0 246020  15928 485340    0    0     0     8 10019 3774 2 45 53  0  0  0
 6  0      0 244804  15928 485368    0    0     0     0 10209 3983 1 49 49  0  0  0
 5  0      0 245508  15936 485392    0    0     0    36 10774 3894 2 49 49  0  0  0
10  0      0 244836  15936 485416    0    0     0     0 9999 3908  1 45 54  0  0  0
 0  0      0 244420  15936 485444    0    0     0     0 9655 3853  2 43 55  0  0  0
 0  0      0 247012  15936 485468    0    0     0     0 10011 3964 2 43 55  0  0  0
 3  0      0 244844  15936 485492    0    0     0     0 9826 3918  1 44 55  0  0  0
 0  0      0 246124  15944 485516    0    0     0    16 11152 4230 1 49 49  1  0  0
 4  0      0 244536  15944 485552    0    0     0     0 9897 4008  2 41 57  0  0  0
 0  0      0 245848  15944 485576    0    0     0     0 10650 3867 2 50 49  0  0  0
 1  0      0 246392  15944 485600    0    0     0     0 10049 3828 1 47 52  0  0  0
 0  0      0 246104  15944 485628    0    0     0     0 9999 3919  2 46 52  0  0  0
 0  0      0 247256  15952 485652    0    0     0    16 10551 3919 2 47 51  0  0  0
 0  0      0 243748  15952 485676    0    0     0     0 10354 3884 1 46 53  0  0  0
 0  0      0 242828  15952 485704    0    0     0     0 10369 3956 2 44 54  0  0  0
 5  0      0 241252  15952 485728    0    0     0     0 10512 3967 2 45 53  0  0  0
 4  0      0 243204  15952 485752    0    0     0     0 10456 4091 2 48 50  0  0  0
 0  0      0 243460  15960 485780    0    0     0    20 9573 3899  2 43 53  2  0  0
 0  0      0 244644  15960 485804    0    0     0    24 9852 3925  1 44 55  0  0  0
 0  0      0 245144  15960 485828    0    0     0     0 9956 3790  1 46 53  0  0  0
14  0      0 242136  15960 485856    0    0     0     0 10608 4010 1 49 50  0  0  0
 1  0      0 242904  15960 485880    0    0     0     0 9985 3836  1 45 54  0  0  0
 6  0      0 243384  15968 485904    0    0     0    16 10316 3943 1 47 52  0  0  0
 3  0      0 241312  15968 485968    0    0     0     0 10031 4030 2 44 54  0  0  0
 7  0      0 243564  15968 485952    0    0     0     0 10018 3896 1 47 52  0  0  0
 7  0      0 241036  15968 485976    0    0     0     0 10832 4110 2 49 50  0  0  0
 0  0      0 242720  15968 486000    0    0     0     0 10576 4033 1 46 53  0  0  0
 0  0      0 241760  15976 486028    0    0     0    16 10474 4014 2 48 49  1  0  0
 0  0      0 241820  15976 486052    0    0     0     0 10262 3877 1 51 48  0  0  0
 0  0      0 242364  15976 486076    0    0     0     0 10492 4106 2 46 51  1  0  0
 3  0      0 241884  15976 486104    0    0     0   780 10691 3838 2 49 49  0  0  0
 0  0      0 242964  15976 486128    0    0     0     8 9839 3831  1 41 58  0  0  0
 3  0      0 239636  15984 486152    0    0     0    36 10348 3996 2 45 53  0  0  0
11  0      0 241720  15984 486180    0    0     0     0 10167 3811 1 47 52  0  0  0
 0  0      0 243256  15984 486204    0    0     0     0 11190 4049 2 47 51  0  0  0
 0  0      0 243032  15984 486232    0    0     0     0 10814 3993 1 46 53  0  0  0
 0  0      0 244388  15984 486256    0    0     0     0 10800 3901 2 50 48  0  0  0
 6  0      0 243524  15992 486280    0    0     0    16 10189 3941 2 47 49  1  0  0
 0  0      0 244204  15992 486304    0    0     0     0 10731 4023 2 47 51  0  0  0
 0  0      0 242836  15992 486328    0    0     0     0 11055 4072 2 48 50  0  0  0
 0  0      0 242028  15992 486356    0    0     0     0 10630 3938 2 47 51  0  0  0
 4  0      0 243132  15992 486384    0    0     0     0 10102 3839 1 45 54  0  0  0
 2  0      0 242652  16000 486408    0    0     0    16 11218 3969 1 51 46  2  0  0
 2  0      0 241436  16000 486432    0    0     0     0 9854 3867  2 42 56  0  0  0
 5  0      0 242236  16000 486460    0    0     0     0 9945 3777  1 49 50  0  0  0
 1  0      0 242908  16000 486484    0    0     0     0 9813 3851  2 46 52  0  0  0
10  0      0 242692  16000 486508    0    0     0     4 10398 3922 2 50 48  0  0  0
 2  0      0 243460  16008 486532    0    0     0    16 11019 3932 1 49 49  0  0  0
 0  0      0 242276  16008 486560    0    0     0     0 10305 3741 3 47 50  0  0  0
 0  0      0 243760  16008 486584    0    0     0     0 10011 3888 1 46 53  0  0  0
 0  0      0 244604  16008 486608    0    0     0     0 10217 3833 2 47 51  0  0  0
 5  0      0 244188  16008 486636    0    0     0     0 10409 4000 2 48 49  0  0  0
 0  0      0 244104  16016 486660    0    0     0    40 10403 4054 1 46 53  0  0  0
 0  0      0 242288  16016 486684    0    0     0     0 10709 4037 1 46 53  0  0  0
 0  0      0 243472  16016 486712    0    0     0     0 10747 3907 1 48 51  0  0  0
 0  0      0 243056  16016 486736    0    0     0     0 10218 3940 1 48 51  0  0  0
 7  0      0 242992  16016 486760    0    0     0     0 10640 3868 2 49 49  0  0  0
 0  0      0 244016  16024 486788    0    0     0    16 10050 3833 1 46 51  2  0  0
 0  0      0 242776  16024 486812    0    0     0     0 10246 3785 2 46 52  0  0  0
 0  0      0 239768  16024 486836    0    0     0     0 10769 4042 1 46 53  0  0  0
 0  0      0 244424  16024 486864    0    0     0     0 9927 3933  2 44 54  0  0  0
 0  0      0 242672  16024 486888    0    0     0     0 10705 3967 1 52 47  0  0  0
 0  0      0 243984  16032 486912    0    0     0    20 10421 3943 1 46 53  0  0  0
 0  0      0 244156  16032 486936    0    0     0   832 9942 3759  2 43 55  0  0  0
 0  0      0 243356  16032 486964    0    0     0     0 11132 4136 1 51 48  0  0  0
 0  0      0 244348  16032 486988    0    0     0     0 10466 3872 2 45 53  0  0  0
 3  0      0 242748  16032 487012    0    0     0     0 10376 3890 2 47 51  0  0  0
 0  0      0 244220  16040 487040    0    0     0    28 11040 4014 1 50 47  2  0  0
 9  0      0 243004  16040 487064    0    0     0     0 10824 4025 2 49 50  0  0  0
 2  0      0 242324  16040 487088    0    0     0     0 11131 4289 2 48 49  0  0  0
 0  0      0 243668  16040 487116    0    0     0     0 9847 3777  1 46 53  0  0  0
 0  0      0 245280  16040 487140    0    0     0     0 10416 3858 2 47 51  0  0  0
 0  0      0 245320  16048 487168    0    0     0    16 10004 4053 1 46 52  1  0  0
 0  0      0 241980  16048 487192    0    0     0     0 2493  644  0  8 92  0  0  0
 0  0      0 242352  16048 487192    0    0     0     0 1018   85  0  1 99  0  0  0
 0  0      0 242352  16048 487192    0    0     0     0 1009   61  0  2 98  0  0  0
 0  0      0 242352  16048 487192    0    0     0     0 1011   67  0  1 99  0  0  0
 0  0      0 242352  16056 487184    0    0     0    20 1013   72  0  2 95  3  0  0
 0  0      0 242352  16064 487184    0    0     0  2064 1026  115  0  1 98  1  0  0
 0  0      0 242352  16064 487192    0    0     0     0 1029  154  0  1 99  0  0  0
 0  0      0 242352  16064 487192    0    0     0     0 1014   83  0  2 98  0  0  0
