procs -----------memory---------- ---swap-- -----io---- -system-- -------cpu-------
 r  b   swpd   free   buff  cache   si   so    bi    bo   in   cs us sy id wa st gu
 7  0      0 335452  15576 438432    0    0 47852   720 4261   45  3 31 61  5  0  0
 2  0      0 335292  15576 438492    0    0     0     0 12737 4339 2 61 37  0  0  0
 0  0      0 337252  15576 438524    0    0     0     0 13112 4550 2 64 34  0  0  0
 5  0      0 334252  15576 438564    0    0     0     0 11880 4224 1 58 41  0  0  0
 0  0      0 331188  15576 438596    0    0     0     0 12370 4452 2 58 40  0  0  0
 8  0      0 332628  15584 438620    0    0     0    64 12871 4452 2 61 37  0  0  0
 7  0      0 330188  15584 438660    0    0     0     0 12480 4659 2 58 40  0  0  0
 0  0      0 330956  15584 438692    0    0     0     0 12486 4382 2 58 40  0  0  0
 0  0      0 332252  15584 438720    0    0     0     0 12090 4375 1 57 42  0  0  0
 7  0      0 332188  15584 438756    0    0     0     0 12443 4366 3 56 41  0  0  0
 7  0      0 329052  15592 438780    0    0     0    24 13072 4307 2 61 36  1  0  0
 0  0      0 330220  15592 438824    0    0     0     0 12271 4403 1 58 41  0  0  0
10  0      0 330988  15592 438856    0    0     0     0 11844 4535 3 55 42  0  0  0
 4  0      0 332852  15592 438888    0    0     0     0 12715 4409 2 63 35  0  0  0
 0  0      0 332532  15592 438920    0    0     0     0 11382 4111 2 53 45  0  0  0
 0  0      0 332220  15600 438944    0    0     0    16 13183 4501 2 64 34  0  0  0
 7  0      0 331944  15600 438984    0    0     0     0 12102 4340 2 60 38  0  0  0
 0  0      0 331504  15600 439020    0    0     0     0 12485 4243 2 60 38  0  0  0
 0  0      0 332112  15600 439052    0    0     0     0 12923 4230 1 61 38  0  0  0
10  0      0 331632  15600 439088    0    0     0     0 12058 4215 2 56 42  0  0  0
 8  0      0 330576  15608 439112    0    0     0    20 12623 4376 2 61 37  0  0  0
 0  0      0 332832  15608 439156    0    0     0     0 12047 4223 2 56 42  0  0  0
 0  0      0 331296  15608 439184    0    0     0     0 11971 4341 1 56 43  0  0  0
 6  0      0 332536  15608 439220    0    0     0     0 12662 4507 1 58 41  0  0  0
 0  0      0 332856  15608 439248    0    0     0     0 12114 4360 2 55 43  0  0  0
 0  0      0 320092  15616 439308    0    0     0   224 12615 4262 2 59 39  0  0  0
 5  0      0 320004  15616 439324    0    0     0  4420 12143 4684 2 53 44  1  0  0
 7  0      0 317932  15616 439352    0    0     0    44 11744 4440 2 55 43  0  0  0
 0  0      0 318380  15616 439384    0    0     0     0 13066 4346 1 61 38  0  0  0
 0  0      0 319992  15616 439416    0    0     0     0 12306 4289 2 58 40  0  0  0
11  0      0 318212  15628 439436    0    0     0    64 12884 4412 2 59 39  0  0  0
 0  0      0 319184  15628 439480    0    0     0     0 12437 4207 2 58 40  0  0  0
 0  0      0 319636  15628 439512    0    0     0  1104 13104 4277 2 61 37  0  0  0
 6  0      0 316788  15628 439552    0    0     0     0 12206 4120 2 59 39  0  0  0
 6  0      0 317780  15628 439584    0    0     0     0 12292 4376 2 58 40  0  0  0
 0  0      0 303188  15636 439608    0    0     0    36 11910 4234 2 57 39  2  0  0
 1  0      0 301020  15636 439648    0    0     0     0 12655 4282 2 62 36  0  0  0
 5  0      0 302532  15636 439680    0    0     0     0 12828 4244 2 59 39  0  0  0
 0  0      0 302700  15636 439712    0    0     0     0 11822 4253 2 53 45  0  0  0
 0  0      0 299064  15636 439744    0    0     0     0 12273 4295 2 59 39  0  0  0
 5  0      0 301128  15644 439776    0    0     0    16 11581 4251 2 53 45  0  0  0
15  0      0 301768  15644 439816    0    0     0     0 11987 4303 2 53 45  0  0  0
 0  0      0 302644  15644 439852    0    0     0     0 12999 4389 1 62 37  0  0  0
 2  0      0 302268  15644 439884    0    0     0     0 12494 4136 3 56 41  0  0  0
 4  0      0 302020  15644 439916    0    0     0     0 12938 4486 2 58 40  0  0  0
 0  0      0 290020  15652 441992    0    0  2032    16 12543 4305 1 58 40  1  0  0
 0  0      0 290932  15652 442012    0    0     0     0 12211 4350 2 55 43  0  0  0
 0  0      0 290772  15652 442052    0    0     0     0 12039 4046 2 58 40  0  0  0
10  0      0 289460  15652 442084    0    0     0     0 12643 4398 2 61 37  0  0  0
 0  0      0 288596  15652 442116    0    0     0     0 12935 4243 2 61 37  0  0  0
 0  0      0 289696  15660 442144    0    0     0    16 11757 4211 2 59 38  1  0  0
11  0      0 289980  15660 442184    0    0     0     0 12148 4313 2 58 40  0  0  0
 5  0      0 291324  15660 442216    0    0     0     0 11994 4354 2 55 43  0  0  0
 0  0      0 290108  15660 442248    0    0     0     0 12148 4166 1 59 40  0  0  0
 0  0      0 290876  15660 442288    0    0     0     0 12562 4227 2 58 40  0  0  0
 7  0      0 291624  15668 442312    0    0     0    16 11854 4350 2 54 43  1  0  0
 0  0      0 288264  15668 442352    0    0     0     0 13047 4496 2 59 39  0  0  0
 3  0      0 289144  15668 442384    0    0     0   232 12665 4215 2 60 38  0  0  0
 5  0      0 288952  15668 442420    0    0     0     0 12208 4344 3 56 41  0  0  0
 0  0      0 290304  15668 442448    0    0     0     0 12534 4306 1 60 39  0  0  0
 2  0      0 289676  15676 442476    0    0     0    16 11970 4302 2 58 40  0  0  0
 0  0      0 290992  15676 442520    0    0     0     0 13436 4227 2 67 31  0  0  0
 0  0      0 289876  15676 442552    0    0     0     0 11883 4158 2 58 40  0  0  0
 2  0      0 292024  15676 442584    0    0     0  1008 11069 4136 2 52 46  0  0  0
 2  0      0 291968  15676 442616    0    0     0     0 12614 4187 1 59 40  0  0  0
 0  0      0 291024  15684 442640    0    0     0    36 12739 4276 2 64 34  0  0  0
11  0      0 281936  15684 444296    0    0  1612     0 12314 4300 2 60 38  0  0  0
 9  0      0 282200  15684 444324    0    0     0     0 12786 4428 2 62 36  0  0  0
 0  0      0 282600  15684 444364    0    0     0     0 12672 4175 2 61 37  0  0  0
 0  0      0 283128  15684 444396    0    0     0     0 13381 4206 1 65 34  0  0  0
15  0      0 283200  15692 444420    0    0     0    16 13050 4386 3 60 37  0  0  0
 3  0      0 282816  15692 444460    0    0     0     0 11934 4118 1 57 42  0  0  0
 0  0      0 284064  15692 444492    0    0     0     0 12561 4463 2 56 42  0  0  0
 7  0      0 284480  15692 444524    0    0     0     0 12377 4147 2 61 37  0  0  0
12  0      0 284588  15692 444560    0    0     0     0 12117 4176 2 56 42  0  0  0
 0  0      0 285784  15700 444588    0    0     0    16 12446 4212 2 57 40  1  0  0
 2  0      0 280648  15700 445060    0    0   392     0 12282 4547 2 57 41  0  0  0
10  0      0 279560  15700 445056    0    0     0     0 12943 4346 2 60 38  0  0  0
 5  0      0 276708  15700 445088    0    0     0     0 12569 4178 2 60 38  0  0  0
 0  0      0 280260  15700 445120    0    0     0     0 12326 4341 2 56 42  0  0  0
17  0      0 280868  15708 445144    0    0     0    20 12494 4300 2 58 39  1  0  0
11  0      0 281284  15708 445184    0    0     0     0 13025 4344 2 63 35  0  0  0
 0  0      0 278276  15708 445224    0    0     0     0 12363 4139 1 65 34  0  0  0
 2  0      0 283784  15708 445252    0    0     0     0 12462 4260 2 58 40  0  0  0
 6  0      0 285512  15708 445288    0    0     0     0 12155 4413 2 56 42  0  0  0
 0  0      0 284496  15716 445312    0    0     0    16 12155 4253 2 56 41  1  0  0
 0  0      0 280028  15716 446036    0    0   640     0 12148 4380 2 57 41  0  0  0
 8  0      0 279960  15716 446024    0    0     0     0 12262 4375 2 57 41  0  0  0
 8  0      0 281456  15716 446056    0    0     0     0 11868 4353 1 56 43  0  0  0
 0  0      0 280580  15716 446096    0    0     0     0 12491 4373 2 58 40  0  0  0
 0  0      0 279604  15724 446120    0    0     0    16 11184 4211 2 50 47  2  0  0
15  0      0 280164  15724 446160    0    0     0    24 12960 4254 2 61 37  0  0  0
 0  0      0 281616  15724 446196    0    0     0     0 12201 4139 2 55 43  0  0  0
 0  0      0 281168  15724 446228    0    0     0  1000 12563 4386 2 58 40  0  0  0
 8  0      0 281328  15724 446260    0    0     0     4 12246 4215 1 59 40  0  0  0
18  0      0 282288  15732 446284    0    0     0    28 13307 4439 2 60 38  0  0  0
 0  0      0 284504  15732 446332    0    0     0     0 12246 4405 1 58 41  0  0  0
 2  0      0 278412  15732 447428    0    0  1064     0 11940 4261 3 57 40  0  0  0
 7  0      0 279220  15732 447460    0    0     0     0 12819 4335 1 59 40  0  0  0
 0  0      0 277500  15732 447492    0    0     0     0 11997 4179 2 55 43  0  0  0
 0  0      0 280636  15740 447516    0    0     0    16 13087 4537 2 61 35  2  0  0
 0  0      0 280828  15740 447560    0    0     0     0 11858 4112 2 54 44  0  0  0
 0  0      0 279996  15740 447592    0    0     0     0 12098 4041 2 60 38  0  0  0
 0  0      0 280348  15740 447632    0    0     0     0 12613 4280 2 58 40  0  0  0
 1  0      0 275452  15740 447664    0    0     0     0 12870 4207 3 59 38  0  0  0
 3  0      0 281628  15748 447688    0    0     0    16 12448 4306 1 58 41  0  0  0
 3  0      0 281444  15748 447728    0    0     0     0 12347 4245 2 59 39  0  0  0
 6  0      0 276304  15748 452988    0    0  5228     0 12515 4447 2 59 39  0  0  0
 0  0      0 278032  15748 453020    0    0     0     0 12981 4203 2 60 38  0  0  0
13  0      0 277392  15748 453056    0    0     0     0 11314 4073 2 52 46  0  0  0
 4  0      0 277448  15756 453080    0    0     0    20 12783 4354 2 58 39  1  0  0
 0  0      0 275944  15756 453124    0    0     0     0 12065 4237 2 57 41  0  0  0
18  0      0 277200  15756 453152    0    0     0     0 12005 4096 2 55 43  0  0  0
 2  0      0 277080  15756 453188    0    0     0     0 12326 4172 1 58 41  0  0  0
 2  0      0 274968  15756 453220    0    0     0     0 12458 4280 2 59 39  0  0  0
 0  0      0 276608  15764 453244    0    0     0    16 12220 4144 2 57 41  0  0  0
16  0      0 278720  15764 453284    0    0     0     0 12427 4437 2 55 43  0  0  0
 4  0      0 269340  15764 453508    0    0   148     0 13825 4524 2 62 35  1  0  0
 6  0      0 272948  15764 453484    0    0     0     0 11517 4096 2 54 44  0  0  0
 2  0      0 271964  15764 453520    0    0     0     0 12666 4357 2 60 38  0  0  0
 9  0      0 274972  15772 453540    0    0     0    16 12700 4265 2 60 38  0  0  0
 7  0      0 273700  15772 453584    0    0     0     0 13252 4350 1 62 37  0  0  0
 0  0      0 271884  15772 453616    0    0     0     0 12145 4241 2 56 42  0  0  0
 0  0      0 274868  15772 453648    0    0     0     0 12605 4507 2 59 39  0  0  0
 5  0      0 274304  15772 453688    0    0     0  1004 12501 4454 2 57 41  0  0  0
 1  0      0 273532  15780 453716    0    0     0    44 12966 4346 3 62 35  0  0  0
 2  0      0 272872  15780 453752    0    0     0    20 12177 4394 1 59 40  0  0  0
 8  0      0 273636  15780 453924    0    0    92     0 12236 4171 2 58 40  0  0  0
 7  0      0 274448  15780 453904    0    0     0     0 11880 4392 2 56 42  0  0  0
 0  0      0 272144  15780 453936    0    0     0     0 12844 4297 2 60 38  0  0  0
 1  0      0 274200  15788 453960    0    0     0    16 12445 4437 2 58 39  1  0  0
 0  0      0 276168  15788 454004    0    0     0     0 12087 4296 1 56 43  0  0  0
 0  0      0 274452  15788 454036    0    0     0     0 12802 4243 2 60 38  0  0  0
 0  0      0 274964  15788 454068    0    0     0     0 12156 4221 2 57 41  0  0  0
 9  0      0 274164  15788 454100    0    0     0     0 12187 4223 2 58 40  0  0  0
 3  0      0 272896  15796 454128    0    0     0    16 12981 4331 2 62 36  0  0  0
 0  0      0 274868  15796 454164    0    0     0     0 11920 4228 1 56 43  0  0  0
 0  0      0 268596  15796 462388    0    0  8192     0 13260 4398 2 64 34  0  0  0
 0  0      0 265244  15796 462432    0    0     0     0 12890 4318 2 64 34  0  0  0
 5  0      0 266332  15796 462464    0    0     0     0 12783 4317 1 60 39  0  0  0
 5  0      0 264936  15804 462488    0    0     0    20 13065 4402 3 63 34  0  0  0
 9  0      0 265328  15804 462528    0    0     0     0 12364 4196 1 59 40  0  0  0
 7  0      0 265328  15804 462560    0    0     0     0 13582 4388 3 62 35  0  0  0
 0  0      0 267236  15804 462596    0    0     0     0 11987 4107 1 56 43  0  0  0
 4  0      0 263292  15804 462624    0    0     0     0 12888 4362 2 61 37  0  0  0
 2  1      0 265320  15812 462660    0    0     0    16 12603 4320 2 58 39  1  0  0
 5  0      0 267900  15812 462700    0    0     0     0 12462 4237 1 57 42  0  0  0
 0  0      0 266812  15812 462732    0    0     0     0 12551 4321 2 58 40  0  0  0
11  0      0 262532  15812 474036    0    0 11272     0 12636 4197 2 62 36  0  0  0
 7  0      0 262692  15812 474068    0    0     0     0 12868 4229 2 59 39  0  0  0
 0  1      0 263684  15820 474092    0    0     0    16 12229 4445 2 59 38  1  0  0
 5  0      0 261252  15820 474132    0    0     0     0 12060 4207 3 56 41  0  0  0
 8  0      0 260844  15820 474172    0    0     0     0 13994 4545 1 66 33  0  0  0
 0  0      0 261272  15820 474208    0    0     0     0 12286 4152 2 57 41  0  0  0
 0  0      0 262120  15820 474240    0    0     0     0 13229 4393 2 62 36  0  0  0
 4  0      0 261104  15828 474264    0    0     0  1028 12032 4178 2 54 44  0  0  0
14  0      0 262680  15828 474304    0    0     0     8 12933 4400 2 62 36  0  0  0
 0  0      0 260140  15828 474336    0    0     0     0 12533 4298 2 59 39  0  0  0
 0  0      0 250380  15828 479768    0    0  5364     0 11471 4225 1 54 44  1  0  0
 6  0      0 248404  15828 479760    0    0     0     0 12551 4404 2 56 42  0  0  0
 3  1      0 249020  15836 479784    0    0     0    24 13693 4428 2 66 32  0  0  0
 7  0      0 250908  15836 479824    0    0     0     0 11847 4274 2 55 43  0  0  0
 7  0      0 250212  15836 479860    0    0     0    24 12330 4184 2 60 38  0  0  0
10  0      0 251172  15836 479892    0    0     0     0 12484 4394 2 58 40  0  0  0
 0  0      0 252228  15836 479924    0    0     0     0 11827 4387 2 54 44  0  0  0
 4  1      0 246616  15844 479948    0    0     0    16 12478 4344 1 59 40  0  0  0
 0  0      0 248740  15844 479992    0    0     0     0 12469 4388 2 59 38  1  0  0
 0  0      0 250692  15844 480024    0    0     0     0 11822 4185 2 54 44  0  0  0
 0  0      0 248048  15844 480824    0    0   720     0 13496 4253 2 68 28  2  0  0
 0  0      0 246544  15844 480800    0    0     0     0 11754 4061 2 55 43  0  0  0
 0  1      0 247504  15852 480828    0    0     0    16 12522 4260 1 65 34  0  0  0
 0  0      0 246928  15852 480868    0    0     0     4 13355 4406 2 61 36  1  0  0
 3  0      0 245444  15852 480900    0    0     0     0 12550 4234 2 59 39  0  0  0
14  0      0 248684  15852 480940    0    0     0     0 12846 4259 2 60 38  0  0  0
 2  0      0 245684  15852 480972    0    0     0     0 13069 4398 2 62 36  0  0  0
 5  1      0 245940  15860 480996    0    0     0    16 12142 4267 2 54 44  0  0  0
 4  0      0 248536  15860 481036    0    0     0     0 11727 4175 1 55 43  1  0  0
14  0      0 247768  15860 481068    0    0     0     0 12589 4468 2 57 41  0  0  0
 0  0      0 240924  15860 484756    0    0  3644     0 12967 4333 3 61 36  0  0  0
 0  0      0 242940  15860 484772    0    0     0     0 11981 4290 2 54 44  0  0  0
11  1      0 242156  15868 484800    0    0     0    16 12647 4318 2 58 40  0  0  0
 8  0      0 239020  15868 484840    0    0     0     0 12062 4313 3 54 43  0  0  0
 0  0      0 243000  15868 484872    0    0     0     0 12288 4297 1 56 43  0  0  0
 0  0      0 242216  15868 484904    0    0     0     0 11726 4031 1 54 45  0  0  0
18  0      0 241924  15868 484936    0    0     0     0 12462 4497 2 57 41  0  0  0
 4  1      0 241964  15876 484960    0    0     0    16 12735 4411 2 61 37  0  0  0
 6  0      0 242252  15876 485004    0    0     0  1004 12176 4189 3 54 41  2  0  0
10  0      0 240464  15876 485040    0    0     0     4 12844 4331 2 60 38  0  0  0
15  0      0 241940  15876 485076    0    0     0     0 12230 4207 2 57 41  0  0  0
 0  0      0 242312  15876 486072    0    0   964     0 12198 4359 2 56 42  0  0  0
 0  0      0 240456  15876 486104    0    0     0     0 11377 4030 1 53 46  0  0  0
 4  0      0 242600  15884 486136    0    0     0    28 12333 4428 3 54 42  1  0  0
 0  0      0 240872  15884 486168    0    0     0     0 12595 4435 1 59 40  0  0  0
 2  0      0 242908  15884 486200    0    0     0     0 11577 4126 2 53 45  0  0  0
 4  0      0 243836  15884 486244    0    0     0     0 12958 4312 2 62 36  0  0  0
 8  0      0 245064  15884 486272    0    0     0     0 12428 4196 1 59 40  0  0  0
12  0      0 241784  15892 486308    0    0     0    16 11910 4445 3 54 42  1  0  0
 0  0      0 242496  15892 486340    0    0     0     0 12203 4183 2 57 41  0  0  0
 1  0      0 240800  15892 486372    0    0     0     0 13518 4378 3 64 33  0  0  0
 3  0      0 239108  15892 486440    0    0     0     0 12762 4119 2 61 37  0  0  0
 1  0      0 240904  15892 486428    0    0     0     0 12904 4470 2 61 37  0  0  0
 4  0      0 241472  15900 486468    0    0     0    20 12589 4313 2 59 38  1  0  0
14  0      0 241964  15900 486504    0    0     0     0 12365 4321 2 60 38  0  0  0
15  0      0 241500  15900 486532    0    0     0     0 12933 4303 3 63 34  0  0  0
 0  0      0 243684  15900 486568    0    0     0     0 12270 4170 1 59 40  0  0  0
 1  0      0 244876  15900 486600    0    0     0     0 11775 4222 2 58 40  0  0  0
 4  0      0 242772  15908 486632    0    0     0    16 12561 4306 2 58 39  1  0  0
 0  0      0 243332  15908 486664    0    0     0     0 11807 4137 2 54 44  0  0  0
 0  0      0 243764  15908 486700    0    0     0     0 11700 4260 2 52 46  0  0  0
 2  0      0 242804  15908 486776    0    0     0     0 12780 4279 2 61 37  0  0  0
 9  0      0 241556  15908 486760    0    0     0     0 13231 4367 2 63 35  0  0  0
 0  0      0 242516  15916 486788    0    0     0    16 11517 4199 2 53 44  1  0  0
 0  0      0 241992  15916 486824    0    0     0     0 12285 4393 1 57 42  0  0  0
13  0      0 241832  15916 486856    0    0     0     0 12542 4298 2 58 40  0  0  0
 2  0      0 243472  15916 486888    0    0     0     0 12321 4152 1 59 40  0  0  0
 0  0      0 243512  15916 486920    0    0     0     0 12271 4274 2 56 42  0  0  0
 9  0      0 240748  15924 486956    0    0     0  1016 12461 4305 2 62 35  1  0  0
10  0      0 241260  15924 486988    0    0     0     0 11971 4350 2 56 42  0  0  0
 0  0      0 242092  15924 487020    0    0     0     8 12010 4126 2 58 40  0  0  0
 4  0      0 242224  15924 487052    0    0     0     0 12188 4088 2 59 39  0  0  0
11  0      0 242512  15924 487084    0    0     0     0 13336 4507 2 60 38  0  0  0
 0  0      0 242248  15932 487120    0    0     0    64 12338 4158 1 57 41  1  0  0
 0  0      0 241280  15932 487160    0    0     0     0 11770 4405 2 53 45  0  0  0
 1  0      0 240800  15932 487192    0    0     0     0 12970 4225 2 64 34  0  0  0
19  0      0 241984  15932 487224    0    0     0     0 12478 4365 2 60 38  0  0  0
 0  0      0 241728  15932 487256    0    0     0     0 12333 4213 2 60 38  0  0  0
 0  0      0 241668  15940 487288    0    0     0    16 11483 4233 1 57 42  0  0  0
10  0      0 240932  15940 487320    0    0     0     0 12096 4259 3 58 39  0  0  0
 0  0      0 241956  15940 487352    0    0     0     0 11592 4194 2 53 45  0  0  0
 4  0      0 241636  15940 487388    0    0     0     0 13140 4370 1 60 39  0  0  0
 4  0      0 240540  15940 487416    0    0     0     0 12655 4318 2 59 39  0  0  0
 8  0      0 240668  15948 487448    0    0     0    20 12244 4374 2 55 42  1  0  0
 0  0      0 241604  15948 487480    0    0     0     0 12945 4267 2 61 37  0  0  0
 5  0      0 240932  15948 487512    0    0     0     0 11927 4259 2 54 44  0  0  0
13  0      0 239504  15948 487544    0    0     0     0 12648 4221 1 60 39  0  0  0
 0  0      0 241756  15948 487576    0    0     0     0 12260 4463 2 57 41  0  0  0
 0  0      0 243044  15956 487608    0    0     0    16 11542 4404 2 52 45  1  0  0
 0  0      0 239972  15956 487644    0    0     0     0 11612 4078 2 55 43  0  0  0
17  0      0 241692  15956 487676    0    0     0     0 12634 4420 1 60 39  0  0  0
 3  0      0 237916  15956 487708    0    0     0     0 12570 4113 3 66 31  0  0  0
 0  0      0 240144  15956 487776    0    0     0     0 12476 4248 2 63 35  0  0  0
11  0      0 240544  15964 487756    0    0     0    16 12301 4235 2 60 36  2  0  0
11  0      0 241328  15964 487792    0    0     0     0 12235 4235 2 60 38  0  0  0
 0  0      0 237752  15964 487824    0    0     0     0 13275 4358 2 63 35  0  0  0
 0  0      0 240648  15964 487856    0    0     0     0 12108 4154 2 55 43  0  0  0
18  0      0 242600  15964 487892    0    0     0     0 12463 4306 2 65 33  0  0  0
 0  0      0 243484  15972 487920    0    0     0    16 12873 4354 2 59 38  1  0  0
 4  0      0 242344  15972 487956    0    0     0  1000 12140 4375 1 57 42  0  0  0
 9  0      0 242376  15972 487988    0    0     0     0 11936 4319 3 54 43  0  0  0
 7  0      0 243080  15972 488020    0    0     0     0 12173 4457 1 58 41  0  0  0
 0  0      0 242768  15972 488092    0    0     0     8 11995 4285 2 54 44  0  0  0
 0  0      0 241264  15980 488068    0    0     0    36 11820 4184 1 55 44  0  0  0
 9  0      0 243560  15980 488100    0    0     0     0 11926 4425 3 52 45  0  0  0
 0  0      0 241104  15980 488136    0    0     0     0 12646 4255 1 61 38  0  0  0
 0  0      0 242256  15980 488164    0    0     0     0 11641 4197 2 54 44  0  0  0
 1  0      0 242712  15980 488200    0    0     0     0 13204 4371 2 60 38  0  0  0
10  0      0 243000  15988 488228    0    0     0    40 11934 4430 2 54 42  2  0  0
 5  0      0 242104  15988 488264    0    0     0     0 12626 4280 2 56 42  0  0  0
 0  0      0 239880  15988 488296    0    0     0     0 13317 4300 2 64 34  0  0  0
 0  0      0 241064  15988 488328    0    0     0     0 12431 4332 2 58 40  0  0  0
 8  0      0 242920  15988 488360    0    0     0     0 12112 4258 2 58 40  0  0  0
 5  0      0 238312  15996 488396    0    0     0    20 11834 4225 2 54 44  0  0  0
 4  0      0 240660  15996 488424    0    0     0     0 12243 4065 2 61 37  0  0  0
 0  0      0 238964  15996 488460    0    0     0     0 12565 4189 2 63 35  0  0  0
 4  0      0 240416  15996 488492    0    0     0     0 12365 4225 2 58 40  0  0  0
 0  0      0 242088  15996 488524    0    0     0     0 12326 4105 1 60 39  0  0  0
 0  0      0 243100  16004 488556    0    0     0    16 12303 4473 2 57 41  0  0  0
12  0      0 242372  16004 488588    0    0     0     0 11912 4363 2 56 42  0  0  0
 2  0      0 237772  16004 488620    0    0     0     0 12169 4151 1 55 44  0  0  0
 0  0      0 242632  16004 488652    0    0     0     0 12663 4275 2 58 40  0  0  0
12  0      0 244008  16004 488684    0    0     0     0 12369 4367 2 59 39  0  0  0
 9  0      0 241640  16012 488720    0    0     0    16 13111 4278 1 61 38  0  0  0
 0  0      0 239720  16012 488748    0    0     0     0 12636 4194 3 57 40  0  0  0
 0  0      0 241064  16012 488784    0    0     0     0 12575 4083 1 63 36  0  0  0
12  0      0 238984  16012 488816    0    0     0     0 11671 4229 2 53 45  0  0  0
 5  0      0 239472  16012 488848    0    0     0     0 12100 4149 2 56 42  0  0  0
 0  0      0 240600  16020 488880    0    0     0    16 12235 4243 2 60 37  1  0  0
 3  0      0 239388  16020 488912    0    0     0     0 11988 4196 3 54 43  0  0  0
10  0      0 241252  16020 488944    0    0     0  1004 13279 4232 2 64 34  0  0  0
 0  0      0 242668  16020 488976    0    0     0     0 11992 4119 1 58 41  0  0  0
 0  0      0 241356  16020 489008    0    0     0     0 12812 4183 2 60 38  0  0  0
13  0      0 239412  16028 489044    0    0     0    32 13322 4435 2 61 37  0  0  0
 0  0      0 241876  16028 489076    0    0     0     0 12514 4144 2 57 41  0  0  0
 0  0      0 241844  16028 489108    0    0     0     0 12752 4238 1 62 37  0  0  0
 5  0      0 242428  16028 489140    0    0     0     0 11653 4194 2 53 45  0  0  0
15  0      0 244100  16028 489172    0    0     0     0 12314 4210 2 55 43  0  0  0
 0  0      0 243300  16036 489204    0    0     0    16 12056 4357 2 54 42  2  0  0
 0  0      0 242828  16036 489236    0    0     0     0 11525 3931 1 55 44  0  0  0
 6  0      0 244732  16036 489268    0    0     0     0 11580 4242 2 51 47  0  0  0
 0  0      0 241436  16036 489304    0    0     0     0 11232 4002 2 56 42  0  0  0
 0  0      0 241436  16036 489324    0    0     0     4 1009   58  0  1 99  0  0  0
 0  0      0 241436  16044 489320    0    0     0    16 1016   77  0  1 98  1  0  0
 0  0      0 241436  16044 489328    0    0     0    20 1014   69  0  2 98  0  0  0
 0  0      0 241436  16044 489328    0    0     0     0 1014   67  0  1 99  0  0  0
 0  0      0 241436  16044 489328    0    0     0     0 1006   55  0  1 99  0  0  0
 0  0      0 241436  16052 489320    0    0     0  2064 1022  101  0  1 97  2  0  0
 0  0      0 241436  16052 489328    0    0     0     0 1015  155  0  1 99  0  0  0
 0  0      0 241436  16052 489328    0    0     0     0 1011   84  0  2 98  0  0  0
 0  0      0 240680  16076 489736    0    0     0  2140 1050  315  0  1 98  1  0  0
 0  0      0 240680  16076 489780    0    0     0     0 1015   67  0  1 99  0  0  0
