procs -----------memory---------- ---swap-- -----io---- -system-- -------cpu-------
 r  b   swpd   free   buff  cache   si   so    bi    bo   in   cs us sy id wa st gu
 4  0      0 342712  15584 438320    0    0 60797   907 2167   46  2 22 68  8  0  0
 1  0      0 338744  15584 438384    0    0     0     0 12022 4507 2 55 43  0  0  0
 4  0      0 339524  15584 438412    0    0     0     0 12094 4720 1 56 43  0  0  0
 7  0      0 340748  15584 438440    0    0     0     0 11331 4436 1 54 45  0  0  0
 4  0      0 338604  15584 438472    0    0     0     0 11391 4476 2 55 43  0  0  0
 3  0      0 340096  15592 438492    0    0     0    64 10874 4404 2 50 48  0  0  0
 3  0      0 334688  15592 438528    0    0     0     0 11967 4584 1 55 44  0  0  0
 4  0      0 331872  15592 438560    0    0     0     0 12093 4493 2 60 38  0  0  0
 2  0      0 333508  15592 438584    0    0     0     0 11623 4599 2 56 42  0  0  0
 3  0      0 334224  15592 438612    0    0     0     0 11286 4526 2 52 46  0  0  0
 1  0      0 334864  15600 438640    0    0     0    24 11967 4671 2 54 44  0  0  0
 1  0      0 335600  15600 438676    0    0     0     0 11088 4440 1 49 50  0  0  0
 2  0      0 336012  15600 438708    0    0     0     0 11849 4523 2 54 44  0  0  0
 0  0      0 335916  15600 438736    0    0     0     0 12149 4575 2 56 42  0  0  0
 0  0      0 333900  15600 438764    0    0     0     0 11973 4670 1 57 42  0  0  0
 6  0      0 335084  15608 438784    0    0     0    16 11424 4402 3 50 47  1  0  0
 0  0      0 336212  15608 438820    0    0     0     0 11690 4529 1 53 46  0  0  0
 0  0      0 335580  15608 438852    0    0     0     0 12254 4451 3 55 42  0  0  0
10  0      0 335588  15608 438884    0    0     0     0 11888 4525 1 55 44  0  0  0
 0  0      0 335876  15608 438912    0    0     0     0 11423 4468 2 54 44  0  0  0
 0  0      0 335404  15616 438932    0    0     0    16 11239 4392 2 51 47  0  0  0
 8  0      0 336364  15616 438968    0    0     0     0 11419 4391 2 51 47  0  0  0
 2  0      0 336780  15616 439000    0    0     0     0 11670 4293 1 52 47  0  0  0
 0  0      0 335948  15616 439028    0    0     0     0 11568 4401 2 51 47  0  0  0
 5  0      0 336556  15616 439056    0    0     0     0 11661 4388 1 52 47  0  0  0
 0  0      0 335724  15624 439080    0    0     0    16 11953 4499 2 54 43  1  0  0
 6  0      0 334988  15624 439116    0    0     0     0 11561 4473 1 51 48  0  0  0
13  0      0 322668  15624 439180    0    0     0   208 12324 4476 2 55 43  0  0  0
 1  0      0 320800  15624 439176    0    0     0  4532 12908 4894 2 57 40  1  0  0
 5  0      0 322316  15624 439200    0    0     0    44 11885 4514 2 54 44  0  0  0
 0  0      0 323308  15636 439256    0    0     0    64 11973 4462 2 53 44  1  0  0
 4  0      0 324084  15636 439260    0    0     0     4 11912 4431 2 50 48  0  0  0
 3  0      0 324596  15636 439288    0    0     0     0 10970 4251 2 50 48  0  0  0
10  0      0 324640  15636 439324    0    0     0     0 11109 4424 1 49 50  0  0  0
 0  0      0 323104  15636 439352    0    0     0   980 11207 4309 3 49 48  0  0  0
 1  0      0 323872  15644 439376    0    0     0    36 10859 4375 1 51 48  0  0  0
 1  0      0 323456  15644 439412    0    0     0     0 11424 4402 2 51 47  0  0  0
 0  0      0 307848  15644 439440    0    0     0     0 12745 4488 2 59 39  0  0  0
 9  0      0 308424  15644 439468    0    0     0     0 11576 4364 2 52 46  0  0  0
 0  0      0 307336  15644 439500    0    0     0     0 11354 4422 1 51 48  0  0  0
 4  0      0 306824  15652 439520    0    0     0    16 11037 4246 2 49 48  2  0  0
 0  0      0 307500  15652 439560    0    0     0     0 11859 4446 2 51 47  0  0  0
 6  0      0 304944  15652 439588    0    0     0     0 11645 4361 2 55 43  0  0  0
 0  0      0 306160  15652 439620    0    0     0     0 12019 4437 2 60 38  0  0  0
 0  0      0 307160  15652 439648    0    0     0     0 11814 4248 2 60 38  0  0  0
 5  0      0 307160  15660 439668    0    0     0    20 11359 4350 2 51 47  0  0  0
 0  0      0 303448  15660 439704    0    0     0     0 11211 4313 2 49 48  0  0  0
 0  0      0 292996  15660 441792    0    0  2032     0 11298 4463 2 51 47  0  0  0
 3  0      0 294596  15660 441800    0    0     0     0 11495 4433 2 51 47  0  0  0
 5  0      0 293260  15660 441836    0    0     0     0 12039 4617 1 53 46  0  0  0
 0  0      0 293644  15668 441856    0    0     0    16 11910 4466 2 53 45  0  0  0
 0  0      0 293452  15668 441892    0    0     0     0 11622 4451 2 50 49  0  0  0
 0  0      0 294636  15668 441924    0    0     0     0 11700 4372 2 51 47  0  0  0
 4  0      0 293228  15668 441952    0    0     0     0 12018 4598 2 52 46  0  0  0
 5  0      0 294540  15668 441980    0    0     0     0 11710 4454 1 55 44  0  0  0
 5  0      0 295084  15676 442004    0    0     0    16 11683 4374 2 50 48  0  0  0
 0  0      0 294360  15676 442036    0    0     0     0 11215 4297 1 49 49  0  0  0
 0  0      0 295520  15676 442072    0    0     0     0 11520 4384 2 52 46  0  0  0
 1  0      0 296160  15676 442100    0    0     0     0 11326 4568 2 54 44  0  0  0
 3  0      0 296064  15676 442128    0    0     0     0 11688 4401 2 53 45  0  0  0
 0  0      0 293896  15684 442152    0    0     0    16 11643 4301 1 54 44  1  0  0
 0  0      0 295152  15684 442184    0    0     0    56 12236 4330 2 55 43  0  0  0
 6  0      0 291696  15684 442216    0    0     0     8 11919 4471 2 54 44  0  0  0
 0  0      0 292624  15684 442244    0    0     0     0 11640 4426 1 53 46  0  0  0
 1  0      0 293584  15684 442272    0    0     0     0 11977 4461 2 52 46  0  0  0
 0  0      0 294448  15692 442304    0    0     0   928 11546 4431 1 51 48  0  0  0
 0  0      0 295612  15692 442340    0    0     0     0 10949 4366 1 50 50  0  0  0
 2  0      0 294652  15692 442368    0    0     0     0 12116 4535 2 56 42  0  0  0
 0  0      0 287264  15692 444008    0    0  1612     0 11909 4442 1 54 45  0  0  0
 4  0      0 286976  15692 444036    0    0     0     0 11451 4420 1 51 48  0  0  0
 0  0      0 287072  15700 444060    0    0     0    16 11841 4432 1 53 46  0  0  0
 1  0      0 287444  15700 444096    0    0     0     4 11243 4387 2 52 46  0  0  0
 0  0      0 286388  15700 444128    0    0     0     0 11523 4330 2 53 45  0  0  0
 4  0      0 285792  15700 444156    0    0     0     0 10817 4323 2 46 52  0  0  0
 2  0      0 286656  15700 444184    0    0     0     0 10883 4244 2 50 48  0  0  0
 3  0      0 285012  15708 444208    0    0     0    16 11718 4425 1 53 44  2  0  0
 0  0      0 287028  15708 444244    0    0     0     0 11629 4495 2 53 45  0  0  0
 1  0      0 285600  15708 444272    0    0     0     0 12230 4488 2 55 43  0  0  0
 0  0      0 282292  15708 444732    0    0   392     0 11412 4465 2 52 44  2  0  0
 7  0      0 283376  15708 444724    0    0     0     0 11914 4436 1 53 46  0  0  0
 0  0      0 283108  15716 444748    0    0     0    16 11404 4391 2 52 46  0  0  0
 2  0      0 283668  15716 444784    0    0     0     0 11499 4421 2 50 48  0  0  0
 0  0      0 283184  15716 444812    0    0     0     0 12139 4317 2 55 43  0  0  0
 6  0      0 284656  15716 444844    0    0     0     0 11560 4353 1 54 45  0  0  0
 0  0      0 285628  15716 444872    0    0     0     0 10691 4314 2 49 49  0  0  0
 7  0      0 284880  15724 444892    0    0     0    16 11257 4089 2 61 37  0  0  0
 7  0      0 283480  15724 444928    0    0     0     0 10676 4391 1 55 44  0  0  0
10  0      0 283872  15724 444960    0    0     0     0 11644 4260 2 53 45  0  0  0
 0  0      0 284356  15724 445680    0    0   640     0 11208 4505 1 51 46  2  0  0
 0  0      0 285060  15724 445664    0    0     0     0 11754 4416 2 52 46  0  0  0
 0  0      0 284888  15732 445684    0    0     0    16 11410 4517 2 52 46  0  0  0
 1  0      0 284640  15732 445724    0    0     0     0 11338 4407 2 51 47  0  0  0
 0  0      0 285632  15732 445752    0    0     0     0 11014 4240 2 47 51  0  0  0
 6  0      0 285416  15732 445780    0    0     0     4 11150 4352 2 50 48  0  0  0
 0  0      0 286632  15732 445808    0    0     0     0 11495 4329 2 53 45  0  0  0
 1  0      0 286440  15740 445832    0    0     0   920 11430 4470 1 52 47  0  0  0
 0  0      0 285256  15740 445872    0    0     0    20 12356 4356 2 56 42  0  0  0
 0  0      0 283976  15740 445904    0    0     0     0 11750 4446 2 52 46  0  0  0
 5  0      0 280068  15740 447048    0    0  1064     0 11543 4492 2 52 45  1  0  0
 2  0      0 280528  15740 447024    0    0     0     0 11780 4410 2 52 46  0  0  0
 0  0      0 279400  15748 447048    0    0     0    16 11392 4541 1 50 49  0  0  0
 0  0      0 280324  15748 447084    0    0     0     0 11330 4339 2 50 48  0  0  0
 0  0      0 280888  15748 447112    0    0     0     0 11639 4475 2 50 48  0  0  0
 0  0      0 282144  15748 447140    0    0     0     0 10919 4482 1 47 52  0  0  0
 0  0      0 282016  15748 447176    0    0     0     0 11461 4354 2 50 48  0  0  0
 6  0      0 281776  15756 447200    0    0     0    20 11479 4460 1 50 47  2  0  0
 0  0      0 282256  15756 447236    0    0     0     0 11102 4387 1 50 50  0  0  0
 3  0      0 283352  15756 447264    0    0     0     0 11445 4535 2 51 47  0  0  0
 3  0      0 282088  15756 447296    0    0     0     0 12050 4498 2 53 45  0  0  0
 0  0      0 276004  15756 452548    0    0  5228     0 11483 4335 2 51 47  0  0  0
 8  0      0 274252  15764 452572    0    0     0    16 11280 4442 2 49 49  0  0  0
 0  0      0 276696  15764 452612    0    0     0     0 11605 4481 1 52 47  0  0  0
 0  0      0 275960  15764 452640    0    0     0     0 11174 4197 2 52 46  0  0  0
 6  0      0 276568  15764 452672    0    0     0     0 11616 4504 2 52 46  0  0  0
 7  0      0 277748  15764 452700    0    0     0     0 12009 4459 2 53 45  0  0  0
 6  0      0 276500  15772 452720    0    0     0    16 11185 4369 1 48 50  2  0  0
 0  0      0 276612  15772 452756    0    0     0     0 11690 4557 1 51 48  0  0  0
 3  0      0 275876  15772 452784    0    0     0     0 11155 4280 2 49 50  0  0  0
 7  0      0 277164  15772 452816    0    0     0     0 11236 4550 1 52 47  0  0  0
 0  0      0 272172  15772 453036    0    0   148     0 11969 4295 2 55 43  0  0  0
 0  0      0 275616  15780 453020    0    0     0    16 11140 4352 2 51 47  0  0  0
 5  0      0 276136  15780 453056    0    0     0     0 11669 4381 1 52 47  0  0  0
 1  0      0 276604  15780 453084    0    0     0     0 10706 4340 2 49 50  0  0  0
 0  0      0 275780  15780 453116    0    0     0     0 11877 4325 3 52 45  0  0  0
 0  0      0 275716  15780 453144    0    0     0     8 11253 4343 2 49 48  0  0  0
 2  0      0 277028  15788 453200    0    0     0    24 11377 4444 1 49 49  0  0  0
 0  0      0 274948  15788 453200    0    0     0   892 12151 4544 2 58 40  0  0  0
 1  0      0 274564  15788 453236    0    0     0     0 11508 4399 1 57 42  0  0  0
18  0      0 275408  15788 453264    0    0     0     0 11019 4339 2 54 44  0  0  0
 2  0      0 274356  15788 453428    0    0    92     0 11736 4389 2 52 44  2  0  0
 0  0      0 274332  15796 453416    0    0     0    28 11623 4521 2 52 46  0  0  0
 3  0      0 272828  15796 453420    0    0     0    28 10910 4215 2 52 46  0  0  0
 0  0      0 274680  15796 453448    0    0     0     0 11697 4364 2 57 41  0  0  0
 1  0      0 276368  15796 453476    0    0     0     0 11115 4258 2 52 46  0  0  0
18  0      0 275580  15796 453504    0    0     0     0 11721 4479 1 51 48  0  0  0
 0  0      0 275500  15804 453532    0    0     0    16 11413 4450 2 50 48  0  0  0
 0  0      0 277128  15804 453568    0    0     0     0 11986 4463 1 53 46  0  0  0
 1  0      0 275868  15804 453596    0    0     0     0 11126 4271 2 51 47  0  0  0
 0  0      0 276068  15804 453624    0    0     0     0 11429 4525 2 54 44  0  0  0
 9  0      0 268828  15804 461840    0    0  8192     0 11562 4282 2 54 44  0  0  0
 7  0      0 269444  15812 461868    0    0     0    16 11883 4449 2 52 46  0  0  0
 5  0      0 269124  15812 461904    0    0     0     0 11970 4323 1 53 46  0  0  0
 0  0      0 268772  15812 461932    0    0     0     0 12260 4389 2 56 42  0  0  0
 3  0      0 270660  15812 461972    0    0     0     0 10655 4356 2 46 52  0  0  0
 0  0      0 269836  15812 462000    0    0     0     0 11641 4440 1 56 43  0  0  0
 5  0      0 269068  15820 462024    0    0     0    16 11371 4169 2 52 44  2  0  0
 5  0      0 268268  15820 462060    0    0     0     0 11842 4445 2 54 44  0  0  0
 0  0      0 269228  15820 462088    0    0     0     0 10678 4193 2 48 50  0  0  0
 1  0      0 269812  15820 462120    0    0     0     0 11267 4462 2 55 43  0  0  0
 1  0      0 269908  15820 462144    0    0     0     0 10874 4245 2 53 45  0  0  0
 1  0      0 260132  15828 473440    0    0 11272    16 11158 4365 2 56 42  0  0  0
 1  0      0 261488  15828 473480    0    0     0     0 11552 4315 2 50 48  0  0  0
 4  0      0 263096  15828 473508    0    0     0     0 11650 4443 2 51 47  0  0  0
 0  0      0 263500  15828 473540    0    0     0     0 11053 4320 2 49 48  0  0  0
 0  0      0 262400  15828 473568    0    0     0     0 10969 4404 1 51 48  0  0  0
 0  0      0 262656  15836 473624    0    0     0    32 11187 4394 2 53 45  0  0  0
 4  0      0 263224  15836 473624    0    0     0     0 11912 4536 2 54 44  0  0  0
 0  0      0 262648  15836 473652    0    0     0   892 12363 4482 1 59 40  0  0  0
 0  0      0 259512  15836 473684    0    0     0     0 11569 4427 2 52 46  0  0  0
 5  0      0 260664  15836 473720    0    0     0     0 11530 4341 1 52 47  0  0  0
 0  0      0 248836  15844 479140    0    0  5364    28 11502 4481 1 52 46  1  0  0
 8  0      0 250156  15844 479144    0    0     0     0 12439 4347 3 56 41  0  0  0
 4  0      0 251692  15844 479168    0    0     0     0 11290 4450 1 49 49  0  0  0
 0  0      0 250380  15844 479200    0    0     0     0 11465 4333 2 51 47  0  0  0
 0  0      0 249996  15844 479228    0    0     0     0 11714 4267 2 54 44  0  0  0
 0  0      0 250968  15852 479284    0    0     0    20 11661 4408 2 52 46  0  0  0
 0  0      0 251256  15852 479292    0    0     0    24 10868 4383 2 47 51  0  0  0
 0  0      0 249476  15852 479320    0    0     0     0 11906 4452 1 53 46  0  0  0
 3  0      0 250468  15852 479348    0    0     0     0 11235 4407 2 53 45  0  0  0
 0  0      0 251556  15852 479376    0    0     0     0 11116 4393 2 49 49  0  0  0
 0  0      0 246940  15860 480160    0    0   720    16 11533 4502 2 53 44  1  0  0
 0  0      0 247932  15860 480132    0    0     0     0 12409 4535 1 57 42  0  0  0
 2  0      0 247580  15860 480160    0    0     0     0 11699 4359 2 55 43  0  0  0
 0  0      0 247832  15860 480188    0    0     0     0 11880 4473 1 54 45  0  0  0
 6  0      0 249160  15860 480224    0    0     0     0 11862 4415 2 53 45  0  0  0
 5  0      0 247112  15868 480248    0    0     0    16 12172 4388 2 55 42  1  0  0
 2  0      0 249000  15868 480284    0    0     0     0 11082 4245 2 51 47  0  0  0
 1  0      0 250264  15868 480312    0    0     0     0 11866 4520 1 54 45  0  0  0
 0  0      0 247752  15868 480340    0    0     0     0 12432 4497 3 55 42  0  0  0
 0  0      0 248392  15868 480372    0    0     0     0 11821 4358 2 54 44  0  0  0
 3  0      0 241612  15876 484040    0    0  3644    16 11628 4377 1 52 46  1  0  0
 0  0      0 244252  15876 484064    0    0     0     0 11372 4610 1 49 50  0  0  0
 5  0      0 244320  15876 484096    0    0     0     0 11327 4363 2 48 50  0  0  0
 0  0      0 244768  15876 484128    0    0     0     0 11568 4444 2 50 49  0  0  0
 1  0      0 244128  15876 484156    0    0     0     0 11848 4418 2 52 46  0  0  0
 0  0      0 243564  15884 484176    0    0     0    16 12296 4538 1 56 43  0  0  0
 8  0      0 242356  15884 484212    0    0     0     4 11867 4461 2 51 47  0  0  0
 8  0      0 243900  15884 484240    0    0     0   892 11574 4355 2 53 45  0  0  0
 2  0      0 244668  15884 484272    0    0     0     0 11208 4295 2 54 44  0  0  0
 0  0      0 242220  15884 484300    0    0     0     0 12418 4442 2 57 41  0  0  0
 8  0      0 239620  15892 485352    0    0   964    28 11604 4314 2 51 47  0  0  0
 2  0      0 241832  15892 485328    0    0     0     4 11808 4546 2 54 44  0  0  0
 2  0      0 242540  15892 485352    0    0     0     0 11143 4435 1 52 47  0  0  0
 5  0      0 240820  15892 485384    0    0     0     0 11668 4404 2 55 43  0  0  0
10  0      0 244460  15892 485416    0    0     0     0 11640 4410 2 53 45  0  0  0
 0  0      0 245740  15900 485472    0    0     0    16 10785 4250 2 47 49  1  0  0
 0  0      0 241900  15900 485476    0    0     0     0 11739 4271 2 55 43  0  0  0
 0  0      0 243020  15900 485500    0    0     0     0 11458 4523 1 50 49  0  0  0
 1  0      0 243252  15900 485540    0    0     0     0 11620 4440 2 51 47  0  0  0
 0  0      0 243924  15900 485568    0    0     0     0 11595 4269 2 59 39  0  0  0
 3  0      0 244820  15908 485624    0    0     0    16 11457 4385 1 53 44  2  0  0
 0  0      0 239500  15908 485660    0    0     0    12 11934 4417 1 57 42  0  0  0
 0  0      0 241284  15908 485648    0    0     0     0 10674 4223 2 46 52  0  0  0
 0  0      0 243376  15908 485676    0    0     0     0 11890 4360 2 52 46  0  0  0
 0  0      0 242512  15908 485704    0    0     0     0 11581 4301 1 55 44  0  0  0
 0  0      0 243720  15916 485760    0    0     0    16 11338 4220 2 50 47  1  0  0
10  0      0 241864  15916 485768    0    0     0     0 11925 4219 1 53 46  0  0  0
 1  0      0 243052  15916 485796    0    0     0     0 11901 4358 2 52 46  0  0  0
 4  0      0 244252  15916 485824    0    0     0     0 11229 4318 2 49 49  0  0  0
 1  0      0 244060  15916 485856    0    0     0     0 11402 4249 1 53 46  0  0  0
10  0      0 244412  15924 485908    0    0     0    16 11613 4365 2 52 45  1  0  0
 1  0      0 240848  15924 485952    0    0     0     0 11626 4247 2 51 47  0  0  0
 4  0      0 240396  15924 485924    0    0     0     0 11768 4290 2 55 43  0  0  0
 3  0      0 241940  15924 485952    0    0     0     0 11497 4343 2 52 46  0  0  0
 0  0      0 242748  15924 485992    0    0     0     0 11643 4350 1 53 46  0  0  0
 0  0      0 243172  15932 486012    0    0     0    16 11110 4290 2 49 48  1  0  0
 2  0      0 243092  15932 486048    0    0     0     0 11531 4345 2 53 45  0  0  0
 4  0      0 242068  15932 486076    0    0     0     0 11959 4322 2 54 44  0  0  0
 0  0      0 242644  15932 486104    0    0     0   900 11955 4417 2 54 44  0  0  0
 4  0      0 242372  15932 486136    0    0     0     0 12382 4329 2 57 41  0  0  0
 0  1      0 242548  15940 486156    0    0     0    36 12535 4261 2 59 38  1  0  0
 0  0      0 240612  15940 486244    0    0     0     0 11588 4207 2 54 44  0  0  0
 5  0      0 241748  15940 486224    0    0     0     0 11440 4276 2 49 48  0  0  0
14  0      0 243380  15940 486256    0    0     0     0 11560 4353 2 50 49  0  0  0
 0  0      0 245004  15940 486284    0    0     0     0 11275 4205 1 51 48  0  0  0
 0  1      0 241868  15948 486340    0    0     0    20 12249 4467 2 55 43  0  0  0
 7  0      0 243220  15948 486340    0    0     0     0 10816 4113 1 49 49  1  0  0
 2  0      0 243860  15948 486368    0    0     0     0 12100 4352 3 54 43  0  0  0
 0  0      0 241276  15948 486400    0    0     0     0 12069 4378 1 57 42  0  0  0
11  0      0 242072  15948 486436    0    0     0     0 11017 4218 3 50 47  0  0  0
 3  1      0 242840  15956 486492    0    0     0    16 11269 4274 1 50 48  1  0  0
 0  0      0 240876  15956 486548    0    0     0     0 11291 4402 2 49 48  0  0  0
 7  0      0 241792  15956 486524    0    0     0     0 11085 4247 1 52 47  0  0  0
 2  0      0 243108  15956 486552    0    0     0     0 11818 4228 2 52 46  0  0  0
 0  0      0 243436  15956 486580    0    0     0     0 11323 4434 2 51 47  0  0  0
14  1      0 243580  15964 486636    0    0     0    16 11610 4340 2 52 46  0  0  0
 0  0      0 242756  15964 486640    0    0     0     0 11222 4203 1 51 47  1  0  0
 0  0      0 241708  15964 486672    0    0     0    24 11712 4350 3 54 43  0  0  0
 0  0      0 239988  15964 486700    0    0     0     0 12161 4457 2 56 42  0  0  0
 2  0      0 242164  15964 486728    0    0     0     0 11906 4338 2 53 45  0  0  0
 0  1      0 241316  15972 486784    0    0     0    16 12489 4340 1 55 44  0  0  0
11  0      0 242252  15972 486788    0    0     0     0 11044 4226 2 49 49  1  0  0
 0  0      0 241096  15972 486852    0    0     0     0 11430 4174 2 52 46  0  0  0
 0  0      0 240172  15972 486832    0    0     0     0 11132 4222 1 48 51  0  0  0
 0  0      0 242184  15972 486864    0    0     0     0 10962 4168 2 49 48  0  0  0
 0  1      0 242024  15980 486916    0    0     0    16 11367 4339 2 48 49  1  0  0
 7  0      0 240136  15980 486920    0    0     0     0 10965 4199 1 52 46  1  0  0
 0  0      0 242596  15980 486948    0    0     0     0 11738 4222 2 54 44  0  0  0
 1  0      0 242468  15980 486976    0    0     0     0 10701 4238 2 50 49  0  0  0
 2  0      0 243084  15980 487008    0    0     0   900 11656 4343 2 51 47  0  0  0
 2  1      0 241076  15988 487028    0    0     0    36 11024 4288 1 46 53  0  0  0
 9  0      0 242740  15988 487064    0    0     0     4 11362 4495 2 52 46  0  0  0
 6  0      0 241328  15988 487132    0    0     0     0 11763 4332 2 49 50  0  0  0
 0  0      0 240464  15988 487112    0    0     0     0 11268 4176 3 49 48  0  0  0
 0  0      0 241976  15988 487144    0    0     0     0 11260 4505 1 48 51  0  0  0
 0  1      0 242800  15996 487200    0    0     0    16 11207 4292 2 51 47  0  0  0
 6  0      0 243288  15996 487200    0    0     0     0 11058 4175 2 47 50  2  0  0
 6  0      0 242584  15996 487228    0    0     0     0 12066 4373 2 54 44  0  0  0
 0  0      0 241784  15996 487256    0    0     0     0 11556 4266 2 51 47  0  0  0
 0  0      0 242464  15996 487288    0    0     0     0 11724 4422 1 52 47  0  0  0
 1  0      0 242848  15996 487316    0    0     0     0 11629 4377 2 52 46  0  0  0
 4  0      0 242380  16004 487344    0    0     0    16 11783 4363 2 52 45  1  0  0
 8  0      0 243308  16004 487376    0    0     0     0 11532 4280 2 51 47  0  0  0
 0  0      0 243476  16004 487404    0    0     0     0 11479 4305 2 48 50  0  0  0
 0  0      0 243100  16004 487432    0    0     0     0 11500 4191 1 51 48  0  0  0
 0  0      0 242332  16004 487460    0    0     0     0 11477 4370 2 50 48  0  0  0
 0  0      0 244220  16012 487488    0    0     0    16 11541 4230 3 50 46  1  0  0
 4  0      0 242788  16012 487520    0    0     0     0 10997 4177 2 48 49  0  0  0
 5  0      0 242764  16012 487548    0    0     0     0 10856 4166 2 49 49  0  0  0
 6  0      0 243772  16012 487576    0    0     0     0 11128 4267 1 51 48  0  0  0
 0  0      0 241724  16012 487604    0    0     0     0 11653 4160 2 55 43  0  0  0
 0  0      0 242884  16020 487636    0    0     0    16 11598 4166 3 52 45  0  0  0
 0  0      0 243972  16020 487664    0    0     0     0 10715 4099 1 46 53  0  0  0
 1  0      0 244420  16020 487692    0    0     0     0 10910 4186 2 51 47  0  0  0
 0  0      0 242308  16020 487720    0    0     0     0 10872 4237 3 54 43  0  0  0
 2  0      0 243572  16020 487748    0    0     0     0 11543 4242 1 54 45  0  0  0
 0  0      0 244404  16028 487780    0    0     0    16 12084 4214 2 54 43  1  0  0
 0  0      0 242292  16028 487808    0    0     0     0 10945 4221 2 48 50  0  0  0
 0  0      0 243764  16028 487836    0    0     0     0 11798 4497 2 50 48  0  0  0
 0  0      0 243068  16028 487868    0    0     0   892 11275 4191 2 50 48  0  0  0
 0  0      0 244220  16028 487892    0    0     0     0 11442 4237 2 49 48  0  0  0
 2  0      0 243228  16036 487924    0    0     0    32 11981 4457 2 54 43  1  0  0
 0  0      0 243836  16036 487952    0    0     0    20 11275 4306 2 49 48  0  0  0
 1  0      0 238980  16036 487980    0    0     0     0 11377 4356 2 47 51  0  0  0
 6  0      0 241392  16036 488012    0    0     0     0 11829 4361 2 51 47  0  0  0
 1  0      0 242200  16036 488040    0    0     0     0 11532 4294 1 50 49  0  0  0
 0  0      0 244088  16044 488068    0    0     0    20 10791 4252 2 47 50  1  0  0
10  0      0 243192  16044 488096    0    0     0     0 12009 4408 1 55 44  0  0  0
 4  0      0 243928  16044 488124    0    0     0     0 12118 4468 2 53 45  0  0  0
 0  0      0 244800  16044 488156    0    0     0     0 11065 4194 1 54 45  0  0  0
 4  0      0 245216  16044 488184    0    0     0     0 11883 4286 2 59 39  0  0  0
 7  0      0 244072  16052 488216    0    0     0    16 12181 4526 1 56 43  0  0  0
 0  0      0 244072  16052 488244    0    0     0     0 1518  351  0  3 97  0  0  0
 0  0      0 244072  16052 488244    0    0     0     0 1013   66  0  2 98  0  0  0
 0  0      0 244072  16052 488244    0    0     0     0 1008   61  0  1 99  0  0  0
 0  0      0 244072  16052 488244    0    0     0     0 1014   57  0  1 99  0  0  0
 0  0      0 244072  16060 488236    0    0     0    16 1015   74  0  2 97  1  0  0
 0  0      0 244072  16068 488236    0    0     0  2064 1026   97  0  1 98  1  0  0
 0  0      0 244072  16068 488244    0    0     0     0 1017  157  0  2 98  0  0  0
 0  0      0 244072  16068 488244    0    0     0     0 1011   75  0  1 99  0  0  0
