procs -----------memory---------- ---swap-- -----io---- -system-- -------cpu-------
 r  b   swpd   free   buff  cache   si   so    bi    bo   in   cs us sy id wa st gu
 0  0      0 347296  15580 430168    0    0 47420   676 2645   40  2 23 70  6  0  0
 0  0      0 346888  15580 430224    0    0     0     0 4990 1884  1 26 73  0  0  0
 2  0      0 347208  15580 430232    0    0     0     0 5102 1929  1 24 75  0  0  0
 3  0      0 347720  15580 430244    0    0     0     0 5125 1951  1 27 72  0  0  0
 0  0      0 347560  15580 430256    0    0     0     0 5117 1852  1 25 74  0  0  0
 0  0      0 343560  15588 430256    0    0     0    64 5865 2021  1 26 73  0  0  0
 2  0      0 344008  15588 430276    0    0     0     0 5168 2073  1 25 75  0  0  0
 0  0      0 344360  15588 430284    0    0     0     0 4981 1883  0 27 73  0  0  0
 0  0      0 343176  15588 430296    0    0     0     0 4699 1810  1 24 75  0  0  0
 4  0      0 342472  15588 430304    0    0     0     0 4823 1745  1 24 75  0  0  0
 0  0      0 342760  15596 430308    0    0     0    28 5458 1984  1 27 71  1  0  0
 0  0      0 342920  15596 430328    0    0     0     0 4836 1800  1 21 78  0  0  0
 1  0      0 342576  15596 430340    0    0     0     0 5153 2036  0 26 74  0  0  0
 1  0      0 342576  15596 430348    0    0     0     0 6224 1984  1 30 69  0  0  0
 0  0      0 342896  15596 430368    0    0     0     0 4850 1764  1 21 78  0  0  0
 0  0      0 331676  15604 430372    0    0     0    16 5164 1841  0 24 74  2  0  0
 0  0      0 331772  15604 430388    0    0     0     0 5279 2037  1 25 74  0  0  0
 0  0      0 331932  15604 430400    0    0     0     0 4953 1835  1 24 75  0  0  0
 0  0      0 330236  15604 430412    0    0     0     0 5117 1795  1 26 73  0  0  0
 2  0      0 330972  15604 430420    0    0     0     0 5490 1940  1 28 71  0  0  0
 0  0      0 331260  15612 430424    0    0     0    16 5071 1795  1 23 75  1  0  0
 0  0      0 330620  15612 430444    0    0     0     0 5403 1917  1 26 73  0  0  0
 0  0      0 330812  15612 430456    0    0     0     0 4706 1829  0 23 77  0  0  0
 0  0      0 331100  15612 430464    0    0     0     0 4772 1855  2 23 75  0  0  0
 0  0      0 329276  15612 430476    0    0     0     0 5258 1828  0 24 76  0  0  0
 0  0      0 321316  15620 430512    0    0     0   224 4823 1780  1 22 77  0  0  0
 0  0      0 322276  15620 430496    0    0     0  4060 5695 2337  1 26 73  0  0  0
 0  0      0 322596  15620 430504    0    0     0    48 4874 1890  1 22 77  0  0  0
 4  0      0 322852  15620 430516    0    0     0     4 5308 2031  1 23 76  0  0  0
 1  0      0 322436  15620 430528    0    0     0     0 5523 1940  0 28 72  0  0  0
 3  1      0 323216  15632 430524    0    0     0    76 4633 1701  1 24 74  1  0  0
 0  0      0 323524  15632 430552    0    0     0     4 5071 1813  1 25 73  1  0  0
 0  0      0 323236  15632 430564    0    0     0   376 5427 1939  1 26 73  0  0  0
 0  0      0 322852  15632 430572    0    0     0     0 5286 1839  1 24 75  0  0  0
 0  0      0 323076  15632 430584    0    0     0     0 5469 1855  1 23 76  0  0  0
 1  1      0 307076  15640 430588    0    0     0    36 5230 1944  1 24 75  0  0  0
 0  0      0 307044  15640 430608    0    0     0     0 5887 2046  1 26 73  0  0  0
 0  0      0 305956  15640 430616    0    0     0     0 5388 1972  1 26 73  0  0  0
 4  0      0 306436  15640 430628    0    0     0     0 5313 1872  1 25 74  0  0  0
 1  0      0 305412  15640 430640    0    0     0     0 5554 1976  1 26 73  0  0  0
 0  0      0 304868  15640 430648    0    0     0     0 5114 1904  0 23 77  0  0  0
 0  0      0 302180  15648 430660    0    0     0    16 5052 1768  1 25 74  0  0  0
 0  0      0 302692  15648 430672    0    0     0     0 4687 1824  0 26 74  0  0  0
 0  0      0 302788  15648 430684    0    0     0     0 5186 1853  1 24 75  0  0  0
 0  0      0 302916  15648 430692    0    0     0     0 4752 1721  1 22 77  0  0  0
 4  1      0 303236  15656 430696    0    0     0    16 5576 1981  1 25 73  1  0  0
 0  0      0 299268  15656 432748    0    0  2032     0 4875 1893  0 21 78  1  0  0
 0  0      0 299652  15656 432760    0    0     0     0 5125 1865  1 24 75  0  0  0
 2  0      0 300228  15656 432772    0    0     0     0 5123 1904  1 23 76  0  0  0
 0  0      0 300356  15656 432784    0    0     0     0 5471 1867  2 25 73  0  0  0
 0  0      0 300516  15656 432796    0    0     0     0 5044 1786  0 23 77  0  0  0
 1  0      0 300772  15664 432812    0    0     0    16 5426 1850  1 26 71  2  0  0
 0  0      0 301156  15664 432824    0    0     0     0 4927 1708  1 23 76  0  0  0
 0  0      0 301220  15664 432836    0    0     0     0 5598 1922  1 28 71  0  0  0
 0  0      0 301508  15664 432844    0    0     0     0 4841 1761  1 20 79  0  0  0
 1  0      0 301604  15664 432856    0    0     0     0 5460 1819  2 25 73  0  0  0
 0  0      0 301732  15672 434480    0    0  1612    16 4542 1713  1 23 75  1  0  0
 6  0      0 299824  15672 434488    0    0     0   232 5081 1703  0 24 76  0  0  0
 0  0      0 299856  15672 434500    0    0     0     0 5398 1978  1 25 74  0  0  0
 0  0      0 299920  15672 434512    0    0     0     0 5182 1894  1 23 76  0  0  0
 0  0      0 300240  15672 434524    0    0     0     0 5091 1873  1 22 77  0  0  0
 0  0      0 300944  15680 434532    0    0     0    16 5474 1844  1 25 73  1  0  0
 0  0      0 301988  15680 434544    0    0     0     8 5902 1890  0 29 71  0  0  0
 0  0      0 301156  15680 434556    0    0     0   336 5324 1826  1 24 75  0  0  0
 0  0      0 301508  15680 434564    0    0     0     0 5213 1899  1 24 75  0  0  0
 5  0      0 302212  15680 434576    0    0     0     0 5631 1953  1 27 72  0  0  0
 0  0      0 294056  15688 434588    0    0     0    36 5116 1950  1 23 76  0  0  0
 7  0      0 294788  15688 434596    0    0     0     0 5181 1808  1 23 76  0  0  0
 0  0      0 294084  15688 434608    0    0     0     0 5436 1856  0 24 76  0  0  0
 0  0      0 294852  15688 434620    0    0     0     0 5287 1906  1 26 73  0  0  0
 0  0      0 295268  15688 434632    0    0     0     0 5127 1865  1 23 76  0  0  0
 0  0      0 295556  15696 434648    0    0     0    20 5432 1850  1 26 71  2  0  0
 0  0      0 294532  15696 434656    0    0     0     0 5421 1912  1 25 74  0  0  0
 0  0      0 294340  15696 434668    0    0     0     0 5388 1762  1 23 76  0  0  0
 4  0      0 294520  15696 434676    0    0     0     0 5162 1862  1 24 75  0  0  0
 0  0      0 294168  15696 434688    0    0     0     0 5290 1924  1 24 75  0  0  0
 0  0      0 293172  15704 435244    0    0   512    16 5042 1876  1 24 74  1  0  0
 1  0      0 294984  15704 435224    0    0     0     0 5213 1786  1 24 75  0  0  0
 0  0      0 295272  15704 435232    0    0     0     0 5378 1950  0 25 75  0  0  0
 0  0      0 295336  15704 435244    0    0     0     0 5037 1832  1 23 76  0  0  0
 0  0      0 294728  15704 435256    0    0     0     0 5756 2010  1 26 73  0  0  0
 0  0      0 293556  15712 435268    0    0     0    16 5732 1909  0 24 76  0  0  0
 0  0      0 294292  15712 435276    0    0     0     0 5724 1955  1 27 72  0  0  0
 0  0      0 294624  15712 435288    0    0     0     0 5332 1803  1 24 75  0  0  0
 2  0      0 294088  15712 435300    0    0     0     0 5117 1836  1 25 74  0  0  0
 0  0      0 294984  15712 435308    0    0     0     0 5653 1938  1 31 68  0  0  0
 0  0      0 294888  15720 436024    0    0   668    16 5135 1869  1 22 75  2  0  0
 0  0      0 295348  15720 436000    0    0     0     0 5057 1790  2 23 75  0  0  0
 0  0      0 294516  15720 436008    0    0     0     0 4770 1825  0 22 78  0  0  0
 0  0      0 293364  15720 436020    0    0     0     0 4953 1670  1 23 76  0  0  0
 0  0      0 294144  15720 436040    0    0     0     0 5719 1987  1 26 73  0  0  0
 6  0      0 294400  15728 436052    0    0     0    16 5350 1949  1 24 75  0  0  0
 0  0      0 293504  15728 436060    0    0     0    24 4620 1768  1 21 78  0  0  0
 0  0      0 293728  15728 436072    0    0     0     4 5486 1853  1 24 75  0  0  0
 8  0      0 293236  15728 436084    0    0     0   340 5666 1875  1 28 71  0  0  0
 0  0      0 293748  15728 436092    0    0     0     0 5228 1901  1 24 75  0  0  0
 0  0      0 294324  15736 436108    0    0     0    28 5560 2056  0 26 74  0  0  0
 0  0      0 292116  15736 437036    0    0   916     0 5223 1793  1 27 72  0  0  0
 0  0      0 292244  15736 437048    0    0     0     0 5838 1893  1 26 73  0  0  0
 0  0      0 292468  15736 437056    0    0     0     4 4860 1764  1 23 76  0  0  0
 0  0      0 291284  15736 437068    0    0     0     0 5384 1814  1 25 74  0  0  0
 0  0      0 292800  15744 437080    0    0     0    16 5303 1977  0 25 74  2  0  0
 0  0      0 293508  15744 437092    0    0     0     0 5015 1781  1 23 76  0  0  0
 0  0      0 292868  15744 437100    0    0     0     0 5557 1830  1 26 73  0  0  0
 0  0      0 293540  15744 437112    0    0     0     0 5266 1830  1 24 75  0  0  0
 0  0      0 293204  15744 437124    0    0     0     0 5376 1861  1 25 74  0  0  0
 0  0      0 293108  15752 437132    0    0     0    16 5857 2099  1 28 71  0  0  0
 1  0      0 288180  15752 442372    0    0  5228     0 5263 1914  0 27 73  0  0  0
 0  0      0 288660  15752 442384    0    0     0     0 5458 1906  1 28 71  0  0  0
 0  0      0 290132  15752 442400    0    0     0     0 5127 1705  1 26 73  0  0  0
 7  0      0 290388  15752 442408    0    0     0     0 5131 1811  1 23 76  0  0  0
 0  0      0 288372  15760 442420    0    0     0    16 5313 1947  1 25 74  0  0  0
 0  0      0 288692  15760 442432    0    0     0     0 5418 1875  1 30 69  0  0  0
 3  0      0 288724  15760 442440    0    0     0     0 4806 1764  1 22 77  0  0  0
 2  0      0 289524  15760 442452    0    0     0     0 5325 1834  1 24 75  0  0  0
 0  0      0 289588  15760 442464    0    0     0     0 4765 1658  0 22 78  0  0  0
 0  0      0 289940  15768 442472    0    0     0    16 5381 1989  1 27 70  2  0  0
 1  0      0 287284  15768 442760    0    0   240     0 5409 1954  1 25 74  0  0  0
 0  0      0 285864  15768 442720    0    0     0     0 5626 1835  0 27 73  0  0  0
 0  0      0 286872  15768 442732    0    0     0     0 5184 1823  2 24 74  0  0  0
 0  0      0 287344  15768 442740    0    0     0     0 5519 1914  1 26 73  0  0  0
 0  0      0 286784  15776 442752    0    0     0    16 5244 1808  1 25 74  1  0  0
 0  0      0 286892  15776 442764    0    0     0     0 5639 1980  1 27 71  1  0  0
 7  0      0 287480  15776 442772    0    0     0     0 5172 1883  0 24 76  0  0  0
 0  0      0 287768  15776 442784    0    0     0   344 4735 1874  2 21 77  0  0  0
 0  0      0 287832  15776 442796    0    0     0     0 4597 1665  0 23 77  0  0  0
 0  0      0 288484  15784 442808    0    0     0    60 4564 1744  1 21 78  0  0  0
 0  0      0 288432  15784 442856    0    0     0     0 5858 1958  1 26 73  0  0  0
 0  0      0 288208  15784 442816    0    0     0     0 5061 1869  1 22 77  0  0  0
 0  0      0 288336  15784 442828    0    0     0     0 5332 1785  0 25 75  0  0  0
 6  0      0 288176  15784 442836    0    0     0     0 5542 2048  1 24 75  0  0  0
 0  0      0 288080  15792 442848    0    0     0    20 5605 1833  1 24 73  2  0  0
 0  0      0 287536  15792 442860    0    0     0     0 5499 1868  1 26 73  0  0  0
 2  0      0 286768  15792 442872    0    0     0     0 5976 2025  0 28 72  0  0  0
 0  0      0 286992  15792 442880    0    0     0     0 5480 1870  1 25 74  0  0  0
 0  0      0 287152  15792 442892    0    0     0     0 4955 1748  1 23 76  0  0  0
 0  0      0 287376  15800 442896    0    0     0    16 5176 1962  1 23 76  0  0  0
 3  0      0 286608  15800 442912    0    0     0     0 5567 1816  1 25 74  0  0  0
 0  0      0 282992  15800 452452    0    0  9528     0 5780 2054  1 27 72  0  0  0
 0  0      0 283248  15800 452464    0    0     0     0 5299 1861  1 24 75  0  0  0
 4  0      0 283856  15800 452476    0    0     0     0 5803 1970  1 29 70  0  0  0
 0  0      0 280176  15808 452476    0    0     0    16 5160 1809  0 24 76  0  0  0
 1  0      0 281276  15808 452496    0    0     0     0 5297 1787  1 23 76  0  0  0
 5  0      0 281724  15808 452508    0    0     0     0 4946 1871  1 24 75  0  0  0
 0  0      0 282140  15808 452516    0    0     0     0 5717 1847  1 24 74  0  0  0
 0  0      0 282524  15808 452532    0    0     0     0 5314 1804  1 25 74  0  0  0
 0  0      0 282588  15816 452536    0    0     0    16 4870 1837  0 24 75  1  0  0
 0  0      0 282620  15816 452560    0    0     0     0 5377 1872  1 25 74  0  0  0
 0  0      0 275400  15816 460764    0    0  8192     0 5125 1828  1 23 76  0  0  0
 0  0      0 275816  15816 460776    0    0     0     0 5614 1944  1 25 74  0  0  0
 5  0      0 276040  15816 460788    0    0     0     0 5017 1837  0 24 76  0  0  0
 0  0      0 273964  15824 460788    0    0     0    16 5611 1823  1 26 73  0  0  0
 6  0      0 274100  15824 460808    0    0     0     0 4955 1787  1 22 77  0  0  0
 2  0      0 274644  15824 460820    0    0     0     0 5378 1883  0 23 77  0  0  0
 0  0      0 275124  15824 460828    0    0     0     0 5525 1938  1 28 71  0  0  0
 0  0      0 274644  15824 460840    0    0     0   336 6044 1958  0 27 73  0  0  0
 1  0      0 275104  15832 460844    0    0     0    44 4990 1973  1 23 75  1  0  0
 0  0      0 275840  15832 460864    0    0     0     0 5546 1899  2 23 75  0  0  0
 0  0      0 267308  15832 462424    0    0  1516     0 5273 1766  1 24 75  0  0  0
 3  0      0 267288  15832 462400    0    0     0     4 5359 1993  1 25 74  0  0  0
 2  0      0 268152  15832 462412    0    0     0     0 5632 1905  0 28 72  0  0  0
 0  0      0 268056  15840 462412    0    0     0    16 5523 1858  2 23 74  1  0  0
 0  0      0 268280  15840 462432    0    0     0    24 5032 1773  1 23 76  0  0  0
 2  0      0 267136  15840 462444    0    0     0     0 5691 1838  1 26 73  0  0  0
 0  0      0 267648  15840 462452    0    0     0     0 5476 1874  0 27 73  0  0  0
 0  0      0 268096  15840 462464    0    0     0     0 5785 1930  1 27 71  1  0  0
 5  0      0 268224  15848 462468    0    0     0    16 5104 1941  1 22 77  0  0  0
 0  0      0 268332  15848 462492    0    0     0     0 4757 1691  1 21 78  0  0  0
 0  0      0 269208  15848 462536    0    0     0     0 4995 1767  1 23 76  0  0  0
 2  0      0 269684  15848 462488    0    0     0     0 5431 1864  1 28 71  0  0  0
 0  0      0 270228  15848 462500    0    0     0     0 5224 1890  1 24 75  0  0  0
 0  0      0 270420  15856 462500    0    0     0    16 5034 1896  0 22 78  0  0  0
 3  0      0 270676  15856 462520    0    0     0     0 5651 1875  1 25 74  0  0  0
 0  0      0 271840  15856 462532    0    0     0     0 5353 1847  1 24 75  0  0  0
 0  0      0 272000  15856 462540    0    0     0     0 4507 1601  0 21 79  0  0  0
 0  0      0 271520  15856 462552    0    0     0     0 5641 1886  1 28 71  0  0  0
 8  0      0 272128  15864 462556    0    0     0    16 5237 1994  1 25 73  1  0  0
 0  0      0 269888  15864 462576    0    0     0     0 5354 1844  1 25 74  0  0  0
 0  0      0 270336  15864 462584    0    0     0     0 5120 1819  1 25 74  0  0  0
 0  0      0 264648  15864 466232    0    0  3644     0 5134 1852  1 22 77  0  0  0
 0  0      0 263700  15864 466244    0    0     0     0 5746 1907  1 28 71  0  0  0
 0  0      0 263932  15872 466248    0    0     0    16 5607 1886  0 26 74  0  0  0
 0  0      0 263804  15872 466264    0    0     0     0 4879 1773  1 23 76  0  0  0
 0  0      0 264156  15872 466276    0    0     0     0 5272 1945  1 22 77  0  0  0
 0  0      0 264252  15872 466288    0    0     0     0 4721 1626  1 22 77  0  0  0
 0  0      0 262984  15872 466296    0    0     0     0 5603 1874  1 26 73  0  0  0
 0  0      0 263704  15880 466308    0    0     0   368 5351 1898  0 26 74  0  0  0
 0  0      0 264344  15880 466328    0    0     0     4 5326 1885  1 24 75  0  0  0
 0  0      0 263768  15880 466340    0    0     0     0 5388 1832  1 25 74  0  0  0
 0  0      0 262516  15880 467312    0    0   964     0 5736 1994  1 27 70  2  0  0
 0  0      0 262912  15880 467324    0    0     0     0 4831 1661  1 22 77  0  0  0
 0  0      0 262048  15888 467328    0    0     0    20 4993 1916  1 20 78  1  0  0
 2  0      0 262336  15888 467344    0    0     0     0 5169 1806  1 23 76  0  0  0
 0  0      0 261760  15888 467356    0    0     0     0 5561 1900  1 27 72  0  0  0
 0  0      0 261356  15888 467372    0    0     0     0 5370 1838  2 26 72  0  0  0
 0  0      0 260296  15888 467380    0    0     0     0 5571 1811  0 26 74  0  0  0
 0  0      0 262108  15896 467384    0    0     0    16 6028 2083  1 29 70  0  0  0
 0  0      0 262472  15896 467404    0    0     0    16 5465 1915  1 27 72  0  0  0
 8  0      0 262344  15896 467416    0    0     0     0 5497 1842  1 25 74  0  0  0
 0  0      0 262360  15896 467460    0    0     0     0 4885 1836  0 23 77  0  0  0
 0  0      0 262616  15896 467420    0    0     0     0 5054 1678  1 21 78  0  0  0
 0  0      0 262840  15904 467424    0    0     0    16 5199 1890  1 26 73  0  0  0
 0  0      0 263160  15904 467444    0    0     0     0 5240 1854  0 25 75  0  0  0
 0  0      0 262872  15904 467452    0    0     0     0 5287 1809  2 33 65  0  0  0
 0  0      0 261944  15904 467464    0    0     0     0 5170 1755  1 29 70  0  0  0
 3  0      0 263000  15904 467480    0    0     0     0 5310 1813  1 31 68  0  0  0
 0  0      0 263264  15912 467480    0    0     0    16 5400 1866  1 31 68  0  0  0
 0  0      0 259776  15912 467500    0    0     0     0 5260 1857  2 46 52  0  0  0
 0  0      0 262544  15912 467512    0    0     0     0 5489 1852  1 31 68  0  0  0
 0  0      0 257004  15912 473868    0    0  6312     0 5207 1875  2 23 75  0  0  0
 0  0      0 257484  15912 473812    0    0     0     0 4726 1720  0 23 77  0  0  0
 0  0      0 256396  15920 473816    0    0     0    16 5089 1792  1 26 73  0  0  0
 0  0      0 256868  15920 473836    0    0     0     0 4915 1802  1 25 74  0  0  0
 0  0      0 257124  15920 473844    0    0     0     0 5143 1878  1 26 73  0  0  0
 0  0      0 257252  15920 473856    0    0     0     0 4761 1708  1 23 76  0  0  0
 0  0      0 257316  15920 473868    0    0     0     0 5365 1800  1 26 73  0  0  0
 0  0      0 256012  15928 473868    0    0     0   352 5762 2089  1 29 68  2  0  0
 0  0      0 256684  15928 473888    0    0     0     0 5258 1819  0 27 73  0  0  0
 0  0      0 257068  15928 473900    0    0     0     0 5561 1924  1 27 72  0  0  0
 0  0      0 257292  15928 473912    0    0     0    12 5042 1718  0 25 75  0  0  0
 0  0      0 257804  15928 473920    0    0     0     0 5336 1893  1 27 72  0  0  0
 0  0      0 259288  15936 473924    0    0     0    36 5167 1795  1 26 72  1  0  0
 0  0      0 260024  15936 473944    0    0     0     0 5309 1814  0 28 72  0  0  0
 0  0      0 259712  15936 473952    0    0     0     0 5307 1807  2 26 72  0  0  0
 0  0      0 259296  15936 473972    0    0     0     0 5138 1829  0 26 74  0  0  0
 5  0      0 258944  15936 473984    0    0     0     0 5572 1921  1 28 71  0  0  0
 0  0      0 258912  15944 473988    0    0     0    16 5172 1845  1 25 73  1  0  0
 6  0      0 259448  15944 474004    0    0     0     0 5061 1751  1 22 77  0  0  0
 0  0      0 260100  15944 474016    0    0     0     0 5190 1840  1 22 77  0  0  0
 0  0      0 260580  15944 474028    0    0     0     0 5337 1848  1 23 76  0  0  0
 0  0      0 255588  15944 474036    0    0     0     0 4570 1744  1 23 76  0  0  0
 0  0      0 254596  15952 474040    0    0     0    16 5170 1795  1 26 73  0  0  0
 1  0      0 255148  15952 474060    0    0     0    20 4990 1773  1 25 75  0  0  0
 0  0      0 253932  15952 474068    0    0     0     0 5436 1865  1 28 71  0  0  0
 2  0      0 256276  15952 474080    0    0     0     0 4908 1779  1 23 76  0  0  0
 2  0      0 254036  15952 474092    0    0     0     0 5839 1935  1 29 70  0  0  0
 0  0      0 254652  15952 474104    0    0     0     0 4863 1831  1 24 75  0  0  0
 0  0      0 255404  15960 474112    0    0     0    16 5112 1745  1 22 77  0  0  0
 0  0      0 255532  15960 474124    0    0     0     0 5315 1837  1 27 72  0  0  0
 0  0      0 255864  15960 474136    0    0     0     0 5107 1876  1 24 75  0  0  0
 0  0      0 254920  15960 474180    0    0     0     0 5689 1917  1 28 71  0  0  0
 9  0      0 256732  15960 474124    0    0     0     0 5318 1855  0 28 72  0  0  0
 0  0      0 255868  15968 474140    0    0     0    16 4880 1815  2 25 73  0  0  0
 0  0      0 254260  15968 474148    0    0     0     0 5247 1756  1 25 74  0  0  0
 1  0      0 255424  15968 474160    0    0     0     0 4905 1872  1 24 75  0  0  0
 0  0      0 256032  15968 474172    0    0     0     0 4865 1851  1 24 75  0  0  0
 0  0      0 256288  15968 474184    0    0     0     0 5516 1853  1 27 72  0  0  0
 5  0      0 256640  15976 474196    0    0     0   352 4776 1683  1 24 75  1  0  0
 0  0      0 257120  15976 474204    0    0     0     0 4850 1855  1 24 75  0  0  0
 0  0      0 257664  15976 474216    0    0     0     0 5766 1887  1 26 73  0  0  0
 1  0      0 255424  15976 474260    0    0     0     8 5980 1969  1 30 69  0  0  0
 0  0      0 255584  15976 474236    0    0     0     0 5039 1811  0 23 77  0  0  0
 0  0      0 255840  15984 474248    0    0     0    40 5029 1866  1 25 74  0  0  0
 0  0      0 256256  15984 474260    0    0     0     0 5321 1856  2 27 71  0  0  0
 2  0      0 256608  15984 474268    0    0     0     0 4966 1879  0 24 76  0  0  0
 0  0      0 255680  15984 474280    0    0     0     0 5678 1986  1 28 71  0  0  0
 0  0      0 256128  15984 474292    0    0     0     0 4862 1838  2 24 74  0  0  0
 0  0      0 256480  15992 474304    0    0     0    16 5458 1858  0 28 72  0  0  0
 0  0      0 255936  15992 474312    0    0     0     0 5333 1881  1 30 69  0  0  0
 0  0      0 256320  15992 474324    0    0     0     0 4577 1638  1 21 78  0  0  0
 0  0      0 256352  15992 474336    0    0     0     0 4997 1826  1 24 75  0  0  0
 0  0      0 256032  15992 474348    0    0     0     0 5409 1981  1 24 74  1  0  0
 0  0      0 256544  16000 474356    0    0     0    16 5227 1821  1 26 73  0  0  0
 3  0      0 256704  16000 474368    0    0     0     0 5113 1810  1 24 75  0  0  0
 4  0      0 255052  16000 474376    0    0     0     0 4930 1813  1 24 75  0  0  0
 0  0      0 255116  16000 474388    0    0     0     0 4850 1769  0 26 74  0  0  0
 0  0      0 255564  16000 474400    0    0     0     0 5100 1976  1 24 75  0  0  0
 0  0      0 255564  16008 474412    0    0     0    44 4945 1771  1 23 76  0  0  0
 0  0      0 256024  16008 474420    0    0     0     0 5274 1871  0 26 74  0  0  0
 0  0      0 256152  16008 474432    0    0     0     0 5008 1810  1 21 78  0  0  0
 0  0      0 256504  16008 474444    0    0     0     0 5188 1792  1 24 75  0  0  0
 0  0      0 257112  16008 474456    0    0     0     0 5334 1901  1 26 73  0  0  0
 0  0      0 256728  16016 474464    0    0     0    16 4837 1732  1 22 76  1  0  0
 5  0      0 257432  16016 474476    0    0     0     0 5038 1790  1 23 76  0  0  0
 0  0      0 258144  16016 474488    0    0     0     0 5000 1841  1 19 80  0  0  0
 0  0      0 256428  16016 474496    0    0     0     0 4723 1721  1 22 77  0  0  0
 0  0      0 256460  16016 474508    0    0     0     0 5401 2029  0 26 74  0  0  0
 0  0      0 256812  16024 474520    0    0     0    16 4888 1759  1 23 75  1  0  0
 0  0      0 256492  16024 474532    0    0     0   336 5330 1854  1 23 76  0  0  0
 0  0      0 256780  16024 474540    0    0     0     4 5136 1743  1 27 72  0  0  0
 1  0      0 257280  16024 474552    0    0     0     0 4998 1774  1 24 75  0  0  0
 0  0      0 256980  16024 474564    0    0     0     4 5614 1927  1 25 74  0  0  0
 0  0      0 257748  16032 474576    0    0     0    28 5238 1870  1 27 72  0  0  0
 1  0      0 256468  16032 474584    0    0     0     0 4768 1808  1 21 78  0  0  0
 0  0      0 256756  16032 474596    0    0     0     0 5155 1839  0 25 75  0  0  0
 0  0      0 257556  16032 474608    0    0     0     0 5412 1775  1 22 77  0  0  0
 0  0      0 258228  16032 474616    0    0     0     0 4981 1869  0 22 78  0  0  0
 2  0      0 257236  16040 474628    0    0     0    16 5553 1937  1 27 72  0  0  0
 0  0      0 255060  16040 474640    0    0     0     0 5333 1855  2 24 74  0  0  0
 0  0      0 255444  16040 474648    0    0     0     0 4531 1866  1 22 77  0  0  0
 0  0      0 255476  16040 474656    0    0     0     0 1579  405  0  4 96  0  0  0
 0  0      0 255476  16040 474660    0    0     0     0 1026   65  0  1 99  0  0  0
 0  0      0 255476  16048 474652    0    0     0    16 1028   72  0  1 99  0  0  0
 0  0      0 255476  16048 474660    0    0     0     0 1026   63  0  2 98  0  0  0
 0  0      0 255476  16048 474660    0    0     0     0 1010   53  0  1 99  0  0  0
 0  0      0 255476  16056 474652    0    0     0  2064 1018   92  0  2 98  0  0  0
 0  0      0 255476  16056 474660    0    0     0     0 1026  156  0  1 99  0  0  0
 0  0      0 255476  16056 474660    0    0     0     0 1022   75  0  2 98  0  0  0
 0  0      0 255224  16080 474816    0    0     0  2136 1030  336  0  2 97  1  0  0
 0  0      0 255224  16080 474856    0    0     0     0 1017   70  0  2 98  0  0  0
